0.20493594083651903 0.005124466162516029 20.493594083651903 0.5124466162516028
0.40935964854952156 0.020485056153428213 20.442370771300254 1.5360589990912183
0.612760170331534 0.046043376497399896 20.340052178201244 2.555832034397168
0.8146291108070454 0.08173554470408707 20.186894047551135 3.5692168206687174
1.0144619027561788 0.12747234894109488 19.983279194913337 4.5736804237007815
1.2117590682699675 0.18313947101709802 19.72971655137888 5.566712207600314
1.4060274671850048 0.24859777211778322 19.42683989150372 6.545830110068519
1.5967815296770294 0.323683640580423 19.075406249202445 7.5085868462639755
1.7835444699326062 0.4082094008378251 18.67629402555769 8.452576025740207
1.9658494778653557 0.5019637825095109 18.23050079327495 9.375438167168587
2.1432408858980585 0.6047124484676395 17.7391408032703 10.274866595812854
2.3152753078942925 0.7161985805577862 17.20344219962341 11.148613209014673
2.4815227473928623 0.8361435215105809 16.624743949856967 11.994494095279475
2.6415676723750137 0.9642474714397594 16.00449249821516 12.810394992917848
2.7950100538780775 1.1001902371857462 15.344238150306383 13.594276574598668
2.9414663658595437 1.2436320326318 14.64563119814659 14.344179544605375
3.080570543812431 1.3942143279923487 13.910417795288714 15.058229536054863
3.2119748997359125 1.5515607459507343 13.140435592348162 15.734641795838558
3.3353509911742454 1.7152780024064913 12.337609143833303 16.371725645575694
3.4503904421518605 1.884956889480779 11.503945097761495 16.967888707428784
3.556805713952701 2.0601732983229684 10.641527180084076 17.521640884218918
3.654330823817268 2.240489279161895 9.752510986456667 18.031598083892675
3.742722009760995 2.4254541359522097 8.839118594372653 18.496485679031455
3.8217583398522614 2.6146055528797714 7.903633009126683 18.91514169275618
3.8912422644271656 2.807470749910415 6.948392457490399 19.28651970306438
3.951000109860798 3.003567664493817 5.975784543363226 19.60969145834021
4.0008825126608585 3.202406156468818 4.988240280006076 19.883849197500087
4.0407647927986 3.4034892331585653 3.9882280137742283 20.108307668974692
4.070547265343969 3.606314291593376 2.978247254536943 20.282505843481054
4.090155489626015 3.8103743747564116 1.9608224282045026 20.406008316303563
4.099540455295796 4.015159438712201 0.9384965669781306 20.478506395579007
4.098678704826734 4.220157627450856 -0.08617504690612306 20.499818873865465
4.087572392146212 4.424856552261522 -1.1106312680522084 20.469892481066545
4.066249277251875 4.628744572437311 -2.132311489433746 20.388802017578886
4.034762656826095 4.831312074110612 -3.148662042578056 20.256750167330104
3.9931912310220206 5.032052744022358 -4.157142580407413 20.074066991174547
3.941638906754183 5.230464835041488 -5.155232426783757 19.84120910191305
3.88023453798532 5.426052420271475 -6.140436876886287 19.55875852299872
3.809131603658577 5.618326632609289 -7.110293432674308 19.22742123378142
3.7285078240800784 5.80680688665856 -8.06237795784988 18.848025404927075
3.6385647167107176 5.991022079942783 -8.994310736936097 18.421519328422292
3.539527092477453 6.170511770416166 -9.903762423326455 17.94896904733826
3.43164249386307 6.344827327328948 -10.78845986143826 17.431555691278263
3.3151805761788924 6.5135330525706365 -11.646191768417752 16.870572524168782
3.190432433566936 6.676207269688368 -12.474814261195627 16.267421711773203
3.0577098714161544 6.832443377858445 -13.272256215078189 15.623610817007648
2.9173446270113494 6.9818508681766325 -14.036524440480473 14.940749031818797
2.7696875403627277 7.124056299727053 -14.765708664862174 14.220543155042078
2.615107677288586 7.258704232989988 -15.457986307414137 13.464793326293465
2.4539914069429742 7.385458118255567 -16.111627034561213 12.675388526557926
2.2867414360940237 7.504001136822774 -16.724997084895037 11.854301856720728
2.1137758025667566 7.614036992881202 -17.29656335272673 11.00358560584279
1.9355268303662299 7.71529065409627 -17.824897220052666 10.125366121506852
1.7524400490926748 7.8075090390468285 -18.308678127355492 9.221838495055884
1.564973080349523 7.890461649796908 -18.746696874315177 8.295261075007927
1.3735944939277223 7.963941148020517 -19.13785864218007 7.347949822360903
1.178782636625286 8.02776387323948 -19.481185730243624 6.38227252189627
0.9810244366294163 8.081770301878981 -19.77581999958697 5.400642863950171
0.7808141864496232 8.125825445993428 -20.021025017979316 4.4055144114446305
0.5786523074438734 8.159819190666008 -20.21618790057498 3.3993744672580304
0.37504409902581004 8.18366656923864 -20.360820841806337 2.384737857263285
0.1704984756793731 8.19730797568437 -20.454562334643693 1.3641406445728497
-0.034473305062372644 8.200709313591386 -20.497178074174574 0.34013379070169575
-0.23935892049481272 8.193862081386307 -20.488561543244007 -0.6847232205079583
-0.44364626328173185 8.176783393583674 -20.428734278691913 -1.707868780263302
-0.6468247214569542 8.149515938008586 -20.317845817522233 -2.7267455575088544
-0.8483864546883373 8.112127869099362 -20.156173323138304 -3.73880689092227
-1.047827663614124 8.064712637556948 -19.94412089257867 -4.741523154241368
-1.2446498490789737 8.007388756766824 -19.682218546484965 -5.732388079012385
-1.4383610581222368 7.940299506577265 -19.371120904326315 -6.708925018955873
-1.6284771136041527 7.863612575174339 -19.011605548191596 -7.6686931402925795
-1.8145228243965443 7.777519639948772 -18.60457107923917 -8.609293522556737
-1.996033173113164 7.682235888402293 -18.151034871661963 -9.528375154647895
-2.1725544784109823 7.57799948029095 -17.652130529781832 -10.423640811134288
-2.3436455289572735 7.46507095234975 -17.109105054629108 -11.292852794120037
-2.5088786862281682 7.343732567086505 -16.52331572708948 -12.133838526324533
-2.6678409533822545 7.2142876072725635 -15.896226715408606 -12.944495981394166
-2.820135007537595 7.077059617893829 -15.229405415534053 -13.722798937873499
-2.965380192872012 6.932391597456792 -14.524518533441682 -14.466802043703684
-3.1032134720643993 6.780645140670897 -13.783327919238735 -15.174645678589467
-3.2332903336989602 6.622199534650082 -13.0076861634561 -15.844560602081483
-3.3552856533643287 6.457450810892523 -12.199531966536831 -16.474872375755933
-3.468894506295275 6.286810755408136 -11.360885293094649 -17.06400554843867
-3.5738329295258193 6.11070587946801 -10.493842323054416 -17.610487594012607
-3.669838631648759 5.929576353548348 -9.600570212293983 -18.112952591966156
-3.75667164840759 5.743874907133517 -8.683301675883127 -18.57014464148315
-3.8341149424821768 5.554065697128109 -7.744329407458657 -18.98092100054081
-3.90197494596902 5.360623147706412 -6.786000348684328 -19.344254942169684
-3.9600820442002096 5.164030764499048 -5.810709823118954 -19.659238320736357
-4.008290999691759 4.964779926080703 -4.820895549154959 -19.925083841834592
-4.046481315161679 4.76336865577959 -3.819031546991944 -20.141127030111306
-4.074557534710426 4.560300376878501 -2.807621954874631 -20.30682789010893
-4.09244948241094 4.356082654318772 -1.7891947700513793 -20.42177225597281
-4.100112437711916 4.151225926052271 -0.7662955300976229 -20.485672826650152
-4.097527247215892 3.9462422272123403 0.25851904960238015 -20.49836988399304
-4.084700372552767 3.7416439102926344 1.2826874663124954 -20.459831691970606
-4.061663874229092 3.537942364532708 2.3036498323675487 -20.370154575992615
-4.028475331493499 3.3356467377112473 3.3188542735593236 -20.229562682146074
-3.985217698418568 3.1352626635417797 4.325763307493094 -20.038407416946747
-3.931999096558847 2.9372909978517208 5.321860185972112 -19.797166569005903
-3.868952544703273 2.742226566703645 6.304655185557407 -19.50644311480758
-3.7962356263974755 2.5505569295878305 7.2716918305797575 -19.166963711581435
-3.71403009606698 2.36276116077745 8.220553033049555 -18.779576881038075
-3.6225414247258 2.179308651892383 9.148867134117989 -18.345250888506694
-3.5219982864059096 2.000657938664623 10.054313831989026 -17.86507132277602
-3.4126519865912543 1.8272555548377458 10.93462998146551 -17.340238382687694
-3.294775834084919 1.6595349160651036 11.787615250633543 -16.772063877264227
-3.1686644578794554 1.4979152365964075 12.611137620546343 -16.161967946869613
-3.0346330707378426 1.3428004814604273 13.403138714161285 -15.511475513598022
-2.8930166813257374 1.1945783567628 14.16163894121053 -14.82221246976272
-2.74416925686428 1.0536193406226797 14.884742446145738 -14.095901614012044
-2.588462838396384 0.9202757571703798 15.570641846789599 -13.334358345229989
-2.426286610877884 0.7948808959205353 16.217622751849998 -12.53948612498444
-2.2580459304178295 0.6777481787218897 16.824068046005433 -11.713271719864563
-2.0841613110993182 0.5691703763658996 17.388461931851115 -10.857780235599014
-1.9050673739132873 0.4694188768122286 17.909393718603088 -9.975149955367105
-1.7212117604323822 0.37874300686018414 18.385561348090494 -9.067586995204447
-1.533054013940153 0.29736940896156616 18.81577464922293 -8.137359789861799
-1.3410644308121697 0.22550147473257065 19.19895831279832 -7.186793422899552
-1.1457228850200105 0.16331883658067348 19.53415457921592 -6.218263815189718
-0.9475176286962452 0.11097691871716246 19.820525632376523 -5.234191786351102
-0.7469440717583813 0.0686065486775525 20.057355693786388 -4.237037003960995
-0.5445035436420742 0.03631363032088049 20.24405281163071 -3.2292918356672016
-0.3407020402386257 0.014178879125211322 20.380150340344848 -2.2134751195669167
-0.13604895916877324 0.0022576204409785906 20.465308106985248 -1.1921258684232732
0.06894417344607284 0.00057965120642137 20.49931326148461 -0.16779692345572206
0.2737649815327352 0.009149165470756572 20.482080808666232 0.8569514264335201
0.4779015197396119 0.027944743911240112 20.41365382068767 1.879557844048354
0.6808435530334398 0.05691940737031881 20.294203329382785 2.8974663459078696
0.882083832021152 0.096000734279058 20.124027898771224 3.9081326908739187
1.0811193608091907 0.14509104167334744 19.90355287880387 4.909030739428943
1.2774526542312854 0.20406762935043926 19.63332934220946 5.897658767709182
1.4705929813022833 0.2727830865555539 19.314032707099795 6.8715457205114605
1.660057591790045 0.35106566043199683 18.946461048776168 7.8282573876442925
1.8453729228396127 0.4387196853138533 18.53153310495677 8.76540248818565
2.0260757826337215 0.5355260717882524 18.070285979410862 9.680638647439913
2.201714508131116 0.6412428543047997 17.563872549739436 10.571678251654724
2.3718500939889324 0.7556057959634397 17.013558585781663 11.436294165864002
2.536057289847427 0.8783290489690946 16.420719585849465 12.272325300565488
2.693925663234408 1.0091058691022847 15.786837338698087 13.077682013319023
2.845060625432667 1.1476093824199287 15.113496219825917 13.850351331764395
2.989084417746276 1.2934934022699676 14.402379231360857 14.588401985003891
3.125637055700591 1.4463932945777052 13.655263795431503 15.289989230773763
3.254377228815966 1.6059268892410967 12.87401731153748 15.953359466339158
3.3749831537061983 1.7716954353569738 12.060592489023222 16.57685461158771
3.4871533783694137 1.9432845978906366 11.217022466321552 17.158916253366282
3.5906075356610785 2.1202654932976595 10.345415729166454 17.698089540702277
3.6850870440658463 2.302195761509393 9.447950840476798 18.193026821173376
3.7703557540166828 2.4886206716027606 8.52687099508363 18.642491009336748
3.846200538145796 2.6790742583907448 7.5844784129113245 19.045358678798415
3.9124318239920632 2.873080487092686 6.62312858462674 19.400622870194148
3.968884067833456 3.0701544431733208 5.645224384139278 19.70739560806347
4.01541616846013 3.2698035443765794 4.653210062667494 19.96491012032586
4.05191181985397 3.471528771924696 3.6495651393839945 20.172522754811634
4.078279801893058 3.674825917805267 2.636798203908819 20.32971458805714
4.094454208354477 3.8791868450286993 1.6174406461418294 20.43609272234319
4.100394611645539 4.084100757706047 0.5940403291062905 20.491391267734734
4.096086163851721 4.289055477772719 -0.43084477938179133 20.495472006667214
4.081539633848711 4.4935387251669034 -1.4546530003010425 20.448324739418513
4.056791380385829 4.697039398262933 -2.474825346288178 20.350067309602924
4.0219032612080925 4.899048851359169 -3.4888119177737016 20.200945309623513
3.976962478444063 5.099062166027358 -4.4940782764029485 20.00133146681898
3.9220813606459437 5.296579413145753 -5.488111779811911 19.751724711839465
3.8573970820266967 5.49110690246155 -6.468427861924706 19.452748931579727
3.783071319595949 5.682158416559418 -7.4325762430747995 19.10515140978684
3.699289849051668 5.869256426151819 -8.378147054428084 18.70980095924
3.6062620804376686 6.051933283653529 -9.302776861399936 18.267685750171037
3.5042205347275606 6.2297323920570635 -10.204154571010822 17.779910840353473
3.393420262643409 6.4022093461874 -11.080027208415151 17.24769541303359
3.2741382071617586 6.568933043483472 -11.928205548165064 16.67236972960725
3.1466725113004195 6.729486761530064 -12.746569586133925 16.055371804659202
3.011341772916194 6.88346919964682 -13.533073838422562 15.398243811675497
2.8684842483761566 7.0304954819309495 -14.285752454003756 14.702628228412962
2.718457007092897 7.170198119246551 -15.002724128325994 13.970263731560156
2.561635039036946 7.302227927756062 -15.682196805595101 13.202980850951151
2.3984103174571416 7.426254901698005 -16.322472157980435 12.402697394194275
2.2291908191516416 7.5419690382295235 -16.92194983054999 11.571413653151852
2.0543995047383987 7.649081112272047 -17.479131441324284 10.711207404252281
1.8744732614738893 7.747323399423357 -17.992624326450944 9.824228715131063
1.6898618112624983 7.836450345129172 -18.46114502113908 8.912694570581424
1.50102658658597 7.916239178441641 -18.883522467652845 7.9788833312469345
1.3084395771625112 7.986490468830706 -19.258700942345865 7.025129038906439
1.1125821502183055 8.047028624656557 -19.58574269442058 6.0538155825851545
0.9139438473201369 8.097702332057294 -19.86383028981686 5.067370740073615
0.7130211607764225 8.13838493315477 -20.09226865437143 4.068260109747558
0.5103162926650094 8.16897474263333 -20.270486811141307 3.058980947856039
0.3063358995895215 8.189395301900143 -20.398039307548792 2.0420559266813614
0.10158982630171237 8.199595570191864 -20.474607328780912 1.020026829172148
-0.10341016864489211 8.199550052149961 -20.499999494660447 -0.00455180419029225
-0.3081516920248589 8.189258861545833 -20.474152337996685 -1.0291190604127907
-0.5121229966570624 8.168747720996441 -20.397130463220343 -2.0511140549391027
-0.7148142605061238 8.138067897671165 -20.269126384906144 -3.067982332527617
-0.9157188609719903 8.097296075150574 -20.090460046586642 -4.077182252059124
-1.1143346411825903 8.046534161757414 -19.86157802106 -5.076191339315953
-1.310165165124496 7.985909035838875 -19.583052394190585 -6.062512591853837
-1.5027209584744183 7.915572228636799 -19.25557933499223 -7.033680720207609
-1.691520732030101 7.83569954553849 -18.87997735556825 -7.987268309830968
-1.8760925846826757 7.746490626654803 -18.457185265257483 -8.920891888368674
-2.055975182923674 7.648168447823842 -17.988259824099842 -9.832217883096142
-2.23071891393854 7.540978763287482 -17.474373101486567 -10.718968453635958
-2.3998870094045115 7.425189491433756 -16.91680954659716 -11.578927185372537
-2.563056637183965 7.301090045140413 -16.316962777945363 -12.409944629334394
-2.7198199581845515 7.168990608393441 -15.676332100058644 -13.209943674697138
-2.8697851457445287 7.029221360988653 -14.996518755997716 -13.976924740478815
-3.0125773649953564 6.882131653254143 -14.27922192508278 -14.708970773450984
-3.147839709753658 6.728089132856409 -13.52623447583016 -15.404252039773422
-3.2752340946008047 6.5674788258726515 -12.739438484714702 -16.061030698375802
-3.3944420999203926 6.400702174426098 -11.920800531958767 -16.67766514465534
-3.5051657677814507 6.228176033289765 -11.072366786105835 -17.25261411363334
-3.6071283466780986 6.0503316279666155 -10.196257889664793 -17.784440532314996
-3.700074983264179 5.867613476850381 -9.294663658608043 -18.271815111623447
-3.783773359353899 5.680478280161079 -8.369837608972034 -18.713519668930196
-3.8580142725963067 5.489393778432307 -7.424091324240756 -19.108450172877266
-3.922612159372216 5.294837583403501 -6.459788677590896 -19.455619502880612
-3.9774055586066157 5.0972959842393255 -5.479339923439967 -19.754159916417525
-4.02225751533727 4.897262732060016 -4.485195673065506 -20.003325217931003
-4.057055923030802 4.695237805820716 -3.4798407693531335 -20.20249262393004
-4.081713803790636 4.4917261626244755 -2.465788075983417 -20.351164319624026
-4.09616952575645 4.287236475592471 -1.445572196581348 -20.44896870320044
-4.100386957151723 4.0822798624461125 -0.421743139527272 -20.49566131463588
-4.094355556594362 3.8773686079789247 0.6031400557360411 -20.4911254467188
-4.078090399444669 3.673014883611357 1.626515714969283 -20.43537243675676
-4.051632140124788 3.4697294672289667 2.645825931988111 -20.32854163823906
-4.015046910503823 3.2680204665037107 3.658522962096477 -20.170900072525587
-3.968426154602608 3.0683920488893857 4.662075590121528 -19.96284176143249
-3.911886400031275 2.8713431814655577 5.653975457133306 -19.704886742382822
-3.8455689667309176 2.6773663837797192 6.631743330035749 -19.397679768583828
-3.769639613747335 2.486946496804922 7.592935298358261 -19.041988697479713
-3.6842881249197434 2.300559471089843 8.53514888275914 -18.638702571507906
-3.589727834520016 2.1186711771302833 9.45602903997273 -18.18882939595598
-3.486195094028105 1.9417362409355494 10.353274049191114 -17.693493619473397
-3.373948681376431 1.7701969077001947 11.224641265167412 -17.15393332353548
-3.2532691541398213 1.6044819364213496 12.067952723660957 -16.571497127884495
-3.124458148287685 1.4450055282245229 12.88110058521363 -15.947640819682672
-2.9878376242511773 1.2921662910764986 13.66205240365078 -15.283923714802427
-2.843749062189796 1.146346243473011 14.408856206138145 -14.582004760348774
-2.6925526084688216 1.0079098595914557 15.119645372097416 -13.843638388155522
-2.534626175480966 0.877203158295262 15.792643298785535 -13.07067012961938
-2.370364497062203 0.7545528382669359 16.426167841876325 -12.265032002832607
-2.20017814186275 0.6402654614314964 17.018635519945267 -11.42873768354394
-2.024492487139266 0.5346266867113171 17.56856547234839 -10.563877472017937
-1.8437466555332396 0.4379005560275878 18.07458316060266 -9.672613068372923
-1.6583924174930758 0.350328834333023 18.535423804016375 -8.757172169456485
-1.468893062083254 0.2721304053253879 18.949935540982153 -7.819842900763509
-1.2757222390029428 0.20350072435224714 19.31708230803113 -6.862968097314077
-1.0793627747084227 0.1446113298743866 19.635946429452012 -5.888939447786054
-0.8803054655983978 0.09560941470899718 19.905730911002482 -4.900191516538942
-0.6790478512786008 0.05661745812428826 20.125761431979704 -3.899195658470892
-0.4760929709718917 0.027732919705103186 20.29548803067091 -2.8884538419185075
-0.2719481061821789 0.009027995754713108 20.41448647897128 -1.8704923950390078
-0.06712351275484638 0.000549438841657918 20.482459342733254 -0.847855691305519
0.13786885449712377 0.0023184409426731728 20.499236725197015 0.17690021010152548
0.34251662141356265 0.01433058047378482 20.46477669164389 1.2012139531111647
0.5463082751556759 0.036555833341966416 20.379165374211325 2.2225252868181595
0.7487344427217498 0.06893864798973545 20.24261675660739 3.2382814647769025
0.9492891641143794 0.11139808424511635 20.05547213926295 4.245943625538089
1.1474711569769627 0.16382801562991758 19.818199286258334 5.242993138480124
1.3427850695385302 0.2260973946206576 19.531391256156738 6.226937899074
1.534742718735197 0.2980505801991252 19.195764919666683 7.19531855784676
1.7228643104135828 0.3795077268738689 18.812159167838576 8.145714667474367
1.9066796385663225 0.4702652342002637 18.381532815273975 9.07575073263948
2.0857292606022066 0.5700962556755897 17.90496220358842 9.983102147532605
2.259565645713386 0.6787512657371497 17.38363851111795 10.865501006155993
2.4277542934693224 0.795958683446225 16.818864775593614 11.720741770907525
2.5898748198415795 0.921425551298986 16.21205263722574 12.546686785276101
2.7455220079449654 1.0548382674676824 15.564718810338599 13.341271616869653
2.89430682086871 1.195863369641892 14.87848129237447 14.10251021742097
3.0358573740661368 1.344148368510633 14.155055319742674 14.828499886874082
3.169819864872355 1.4993226288020676 13.396249080621821 15.517426029143461
3.2958594568266655 1.66099829567866 12.60395919543107 16.167566687659235
3.4136611165893336 1.8287712641722782 11.780165976266796 16.777296849361825
3.5229304013608704 2.002222189236161 10.9269284771537 17.3450925063883
3.623394194835691 2.180917533889145 10.04637934748206 17.869534465298358
3.7148013898506402 2.364410652832333 9.140719501494939 18.34931189431882
3.7969235160221277 2.552242908829737 8.212212617148772 18.783225599740383
3.8695553108031016 2.7439448190625106 7.263179478097387 19.17019102327739
3.932515232532517 2.9390372285914976 6.295992172941508 19.509240952898686
3.9856459141949427 3.1370325079950376 5.313068166242613 19.799527940354015
4.0288145567561475 3.3374357721885706 4.316864256120523 20.04032641935328
4.061913261091523 3.5397461173796145 3.3098704335375753 20.231034519104398
4.084859297677703 3.743457873066383 2.2946036586179837 20.37117556867686
4.097595313373286 3.9480618659506908 1.2736015695583314 20.460399288430775
4.100089474771822 4.1530466926060265 0.2494161398536584 20.498482665533576
4.09233554776875 4.357899997719786 -0.7753927003072341 20.485330511375945
4.074352913143409 4.562109754714723 -1.7982634625340703 20.420975699493766
4.046186518117188 4.765165545548737 -2.8166395026220785 20.30557908340141
4.007906764008878 4.966559836494154 -3.827975410831028 20.139429094541708
3.959609330268038 5.16578924670773 -4.829743374083955 19.922941021357566
3.901414935326204 5.362355806420601 -5.819439494183398 19.656655971287144
3.833469034863675 5.555768201603372 -6.794590046252883 19.341239518277035
3.755941458246067 5.745543001995312 -7.7527576617608265 18.977480039194056
3.6690259840393415 5.931205869428249 -8.691547420672508 18.566286743293638
3.5729398556643126 6.112292743424951 -9.6086128375029 18.108687399670206
3.467923238401229 6.288351001108648 -10.501661726308367 17.605825768369684
3.3542386191016513 6.458940588524499 -11.368461929957762 17.05895874158505
3.2321701501080233 6.623635120545303 -12.206846899362786 16.469453202080423
3.1020229390207996 6.782022946612263 -13.014721108722373 15.838782606696018
2.9641222860883407 6.933708179646997 -13.79006529324588 15.168523303473394
2.818812871125706 7.07831168556306 -14.530941496263445 14.460350591606312
2.666457891994622 7.215472030903713 -15.235497913108391 13.716034534065226
2.507438156797977 7.34484638623733 -15.901973519664496 12.937435533361672
2.3421511320578854 7.466111383052438 -16.52870247400915 12.12649968151089
2.171009949256379 7.578963922010591 -17.11411828015063 11.28525389581528
1.9944423722218567 7.683121930536859 -17.656757703452236 10.415800852626749
1.812889727942288 7.778325067854368 -18.155264427956862 9.52031373175087
1.6268058034775827 7.8643353757006595 -18.608392446470532 8.60103078462916
1.4366557117282681 7.940937873099421 -19.015009174931468 7.660249739876119
1.2429147288954638 8.007941093700964 -19.374098283280418 6.700322060154331
1.0460671065378988 8.065177564348389 -19.6847622357565 5.72364706474243
0.8466048611952068 8.112504223673254 -19.94622453426919 4.732665932486441
0.6450265446028155 8.149802779674493 -20.157831659239136 3.7298556001240075
0.4418359975722478 8.176980005386818 -20.319054703056768 2.71772257123251
0.23754109065148893 8.193967971899573 -20.429490692075884 1.6987966512754853
0.03265245471311004 8.200724218143638 -20.488863593837888 0.6756246244064652
-0.1723177953569818 8.197231857021986 -20.497025007009185 -0.3492361121650688
-0.37685734068005405 8.183499617618638 -20.453954532307225 -1.3732239403348414
-0.580454938914935 8.15956182338049 -20.359759823488098 -2.39377942381498
-0.7826017020976169 8.12547830632657 -20.21467631826819 -3.4083517053918055
-0.9827923685961422 8.081334257499167 -20.019066649852526 -4.414404882740405
-1.1805265660015483 8.02724001403057 -19.7734197405406 -5.409424346859775
-1.375310061798301 7.963330783357713 -19.478349579675264 -6.390923067285701
-1.5666559986881918 7.889766305273994 -19.134593688989092 -7.35644780837184
-1.754086111480034 7.806730452662984 -18.7430112791842 -8.303585261101006
-1.9371319225035633 7.7144307719119745 -18.304581102352927 -9.229968075101027
-2.1153359125596367 7.613097964154097 -17.820399005607324 -10.133280775787746
-2.2882526644799577 7.50298530863564 -17.2916751920321 -11.011265551845604
-2.4554499764380293 7.384368029649839 -16.719731195807146 -11.861727898580092
-2.616509942228633 7.257542608619473 -16.10599657906036 -12.682542103036601
-2.771029995815701 7.1228260430477155 -15.452005358706787 -13.471656557175763
-2.9186239175377535 6.980555054189464 -14.759392172205276 -14.227098885825093
-3.0589227994559147 6.831085245423567 -14.029888191816104 -14.946980876589729
-3.1915759674316337 6.674790213429566 -13.265316797571915 -15.629503199400048
-3.316251857629406 6.512060614390569 -12.467589019777236 -16.272959903899785
-3.4326388452536856 6.343303187556234 -11.638698762427955 -16.87574268343346
-3.540446023448583 6.16893973860648 -10.780717819489746 -17.436344894975445
-3.639403930413504 5.9894060853569515 -9.895790696492119 -17.95336532495287
-3.7292652229173187 5.8051509684414535 -8.986129250381428 -18.425511691549826
-3.809805294527623 5.616634929694064 -8.05400716103043 -18.851603874738895
-3.88082283700985 5.424329161034398 -7.1017542482227 -19.230576865966626
-3.9421403434930156 5.228714326733196 -6.131750648316529 -19.56148343012027
-3.9936045521444514 5.0302793620019735 -5.146420865143572 -19.843496473122244
-4.0350868292445705 4.829520250909628 -4.1482277100119305 -20.0759111092346
-4.066483490704176 4.626938786680565 -3.139666145960488 -20.258146422906258
-4.087716061220682 4.423041317472972 -2.123257051650665 -20.389746920759357
-4.098731470425508 4.218337480772117 -1.101540920482611 -20.47038367008548
-4.099502185532356 4.013338929562056 -0.07707151068477218 -20.499855121006117
-4.090026280154839 3.808558053459632 0.9475905377517118 -20.478087610242405
-4.070327439121445 3.6045066980072824 1.9698841033394283 -20.405135545234945
-4.040454899275799 3.401694885325747 2.987253984564606 -20.28118126815356
-4.0004833264101975 3.2006295393243787 3.997157286560172 -20.106534600136815
-3.9505126286400114 3.001813218655373 4.997069777018611 -19.881632066900522
-3.8906677066854303 2.805742860578865 5.9844921954581345 -19.6070358076508
-3.821098141684707 2.612908538878577 6.9569565000723 -19.283432170028803
-3.741977821319215 2.4237922389325863 7.912032036549189 -18.91162999459907
-3.653504505184802 2.2388666530008927 8.847331613441336 -18.49255859316935
-3.555899330495791 2.0585939987409425 9.760517468901112 -18.027265425995044
-3.449406259357112 1.8834248639042015 10.649307113867868 -17.51691348367409
-3.334291468986093 1.7137970801014402 11.511479037101887 -16.962778380276145
-3.2108426864080375 1.550134628451723 12.34487825780554 -16.366245164971716
-3.0793684692885077 1.3928465798504173 13.147421711952994 -15.72880486013057
-2.9401974346998534 1.242326072504994 13.917103458865428 -15.052050734542314
-2.7936774377496727 1.098949329294252 14.651999695018073 -14.337674321074193
-2.6401747021242015 0.9630747174070537 15.350273562547102 -13.587461188719825
-2.4800729047198247 0.8350418526109873 16.010179740437692 -12.803286479606651
-2.3137722166506487 0.7151707503898157 16.630068806917617 -11.98711022211716
-2.141688303029122 0.6037610260714287 17.208391362152653 -11.1409724318387
-1.9642512840197293 0.5010911459455595 17.743701900939286 -10.266988012586923
-1.7819046597625805 0.4074177312430827 18.234662425714884 -9.367341470247673
-1.5951042018540325 0.3229749167165834 18.680045790854805 -8.444281452649934
-1.4043168141550586 0.24797376542541003 19.078738769897374 -7.500115129117337
-1.2100193657747558 0.18260174118794603 19.429744838030278 -6.537202423746399
-1.0126974991459197 0.127022240019693 19.732186662883606 -5.557950116825302
-0.8128444161718809 0.08137418172832692 19.985308297403883 -4.564805829136609
-0.6109596454786008 0.045771662686526986 20.18847706932801 -3.5602519041799927
-0.4075477938532566 0.02030367065046423 20.34118516253442 -2.5467992036062754
-0.20311728499006718 0.005033862336754957 20.443050886318943 -1.5269808313709272
0.0018209113041604275 4.0431382099768987e-07 20.49381962942276 -0.503345802293396
0.20675455626844 0.005215877605345422 20.493364496427958 0.5215473291524424
0.41117142251773997 0.020667246244265407 20.441686624929996 1.5451368638919982
0.6145605743446831 0.04631588985590088 20.33891518269431 2.5648643611635467
0.8164136447927246 0.08209770018877811 20.185307044804148 3.5781810332877235
1.0162261063087912 0.1279232413518715 19.98124615160667 4.58255411630934
1.2134985317994111 0.18367797335775382 19.727242549062005 5.575473200588231
1.4077378429383511 0.24922253841291347 19.423931113894003 6.554456505515963
1.5984585426056415 0.32439310923966214 19.072069966729035 7.517057082674867
1.7851839283775341 0.4090017985590094 18.672538577189272 8.460868931934732
1.9674472840343005 0.5028371287110106 18.226335565676642 9.38353301520012
2.1447930461077194 0.6056645602387809 17.734576207341888 10.282743152777032
2.316777942552495 0.7172270781149921 17.198489644477526 11.156251787621116
2.482972100695517 0.8372458341455897 16.619415814302226 12.001875603059759
2.6429601216936733 0.9654208439450571 15.998802099815613 12.817500979946738
2.7963421188146187 1.1014317367411504 15.338199712094521 13.601089279609319
2.9427347169453504 1.2449385561349828 14.639259813073187 14.350681939383243
3.0817720108303335 1.3955826098149766 13.903729388498299 15.064405367999386
3.213106479644078 1.5529873661008384 13.133446881374454 15.740475628586184
3.336409855612219 1.716759395076666 12.330337596814084 16.377202897582755
3.4513739445099927 1.8864893519608437 11.496408889777367 16.972995688417765
3.557711395987295 2.061753000254814 10.63374514773021 17.526364829397004
3.6551564217949064 2.242112272113385 9.744502580761148 18.035927185857105
3.743465460116697 2.4271163632862036 8.830903832179024 18.500409117281862
3.8224177843473193 2.616302859893606 7.895232423062261 18.91864966074023
3.8918160547937735 2.809198894220496 6.939827044645402 19.289603432689027
3.951486811921863 3.00532232663937 5.967075712808987 19.612343241887366
4.001280909914699 3.204182950708289 4.979409799283508 19.886062406891902
4.041073889459562 3.4052837184316918 3.9792979544863125 20.110076772340303
4.070766288831374 3.6081219826215256 2.969239937181215 20.28382641898338
4.090283892495208 3.8121907532534416 1.9517603663834293 20.406877063191587
4.099577916606476 4.016979964677821 0.9294024111268349 20.478921142437937
4.098625130945135 4.2219777505182625 -0.09527856613415767 20.499778584044158
4.087427916979135 4.426671723070948 -1.1197213965999329 20.469397255268564
4.066014261911997 4.630550254007056 -2.141365506713839 20.38785309361082
4.034437688729372 4.833103753177133 -3.157657318262557 20.255349917007678
3.9927771224194544 5.033825942321076 -4.166056630991761 20.072218914394334
3.941136692701616 5.232215120500121 -5.164042971783837 19.838917817904534
3.8796454737563355 5.427775418087908 -6.149121894528044 19.556029758778642
3.8084571616069685 5.6200180361863 -7.118831214936706 19.224261809839224
3.7277496899597318 5.808462468368072 -8.070747164723654 18.84444321817721
3.637724785462105 5.992637701692733 -9.002490449762663 18.417523332466068
3.5386074634912683 6.172083393993577 -9.911732197083658 17.944569230084493
3.4306454657328453 6.346351024493364 -10.796199775842286 17.426763049978703
3.314108640955711 6.5150050148726715 -11.65368247771346 16.865399037930715
3.1892882705306023 6.6776238179888505 -12.482037042510859 16.261880311617926
3.05649634037839 6.833800971524347 -13.279193015221209 15.617715353549642
2.9160647611677546 6.983146113930811 -14.04315792106354 14.934514240646408
2.7683445387113697 7.125285960129673 -14.772022245638478 14.213984619886219
2.6137048966341716 7.259865234530437 -15.463964207719782 13.457927440076405
2.452532353506585 7.386547559034632 -16.117254312758664 12.668232450419522
2.285229756749391 7.505016293805877 -16.730259675719434 11.84687347712451
2.112215275724974 7.614975328704568 -17.301448102441714 10.995903489869127
1.933921356531695 7.716149823409017 -17.829391919327875 10.117449470444903
1.7507936411138598 7.808286894373121 -18.31277154178353 9.213707096410396
1.563289853388942 7.891156246903528 -18.75037877249178 8.286935253040758
1.3718786551761692 7.964550750776438 -19.141119821277293 7.339450387290968
1.177038474786048 8.028286957955286 -19.48401803901211 6.373620717884823
0.9792563111987497 8.0822055611153 -19.778216358729836 5.391860316001468
0.7790265168202827 8.126171791828847 -20.0229794378467 4.3966230713546794
0.5768495618589321 8.160075757416312 -20.217695496135054 3.3903965587465366
0.37323078341037863 8.183832715620571 -20.361877844855343 2.3756958204259213
0.16867912237813384 8.197383286418498 -20.455166103224478 1.3550570797927075
-0.03629414861366742 8.200693600440099 -20.497327099180126 0.3310314021600968
-0.2411767031355616 8.193755383624298 -20.488255452189417 -0.6938216815800925
-0.4454564415020157 8.176585977899782 -20.427973836645407 -1.7169405724516784
-0.6486227707539447 8.149228297839207 -20.3166329251929 -2.7357680060574996
-0.8501678808751977 8.11175072339512 -20.154511012125297 -3.7477574444086126
-1.0495880140531357 8.06424692898569 -19.94201331779381 -4.75037944094305
-1.2463847238108117 8.006835649357441 -19.679670975767603 -5.741127962824917
-1.4400661208635768 7.939660382810228 -19.368139705276498 -6.717526654721366
-1.6301481025861204 7.8628890325262155 -19.008198172254367 -7.677135028401264
-1.8161555630169188 7.776713486899368 -18.600746043079845 -8.617554562684791
-1.9976235803757079 7.681349139914396 -18.146801735878896 -9.536434698497265
-2.1740985791258067 7.5770343527739685 -17.647499875009903 -10.43147871404268
-2.3451394636767433 7.464029858119848 -17.10408845509365 -11.30044946541208
-2.5103187208935105 7.342618108337065 -16.517925721676733 -12.141174978278265
-2.669223488656761 7.213102569570061 -15.890476776325043 -12.95155387670045
-2.8214565878030897 7.0758069632153635 -15.22330991463287 -13.72956063546975
-2.9666375148660964 6.93107445678669 -14.518092706300653 -14.473250642867335
-3.1044033931368884 6.77926680617488 -13.776587827079208 -15.180765061180974
-3.2344098796668717 6.620763451446567 -13.000648652998308 -15.85033547283127
-3.35633202594579 6.455960568441621 -12.192214627891843 -16.480288300494628
-3.469865090103773 6.285270078539871 -11.353306415798281 -17.06904899017498
-3.574725298607302 6.109118619072183 -10.486020850352906 -17.615145946768767
-3.6706505555452593 5.92794647694932 -9.592525693795737 -18.117214212286296
-3.7574010977322083 5.742206488173962 -8.67505421869489 -18.573998877535878
-3.8347600939914903 5.55236290598653 -7.735899625928202 -18.98435821874324
-3.902534187120244 5.358890240473866 -6.7774093128753385 -19.347266551266372
-3.960553977181712 5.162272072541136 -5.801979006146825 -19.661816793272983
-4.008674444916864 4.96299984521141 -4.812046773515198 -19.927222732972652
-4.046775314217017 4.761571635274041 -3.8100869300152977 -20.142820993736866
-4.0747613527514694 4.55849090835209 -2.7986038534452735 -20.308072692195122
-4.092562609998733 4.354265260500464 -1.7801257247263482 -20.4225647851627
-4.100134592086405 4.1494051494801285 -0.7571982087671628 -20.4860111020335
-4.097458373002678 3.944422618879553 0.2676219083727364 -20.498253060057557
-4.084540641901513 3.7398300182724 1.2917731101164993 -20.45926006071529
-4.061413686383239 3.536138722610421 2.3126955518274017 -20.369129566197905
-4.028135311792366 3.3338578540523947 3.327837459087296 -20.228086855802637
-3.984788696734329 3.1334930094238764 4.334661505803717 -20.036484462851845
-3.9314821851722916 2.9355449964884435 5.330651156203703 -19.794801293543316
-3.8683490156236653 2.740508582189102 6.313316954862633 -19.503641429934156
-3.7955469881332022 2.5488712559885993 7.2802027490463175 -19.16373262005026
-3.7132580698550655 2.361112011399647 8.228891827813683 -18.775924458895258
-3.62168794022971 2.1777001487505925 9.157012962535536 -18.341186264905446
-3.521065476892398 1.9990941021790072 10.06224633373121 -17.860604657158525
-3.411642183598307 1.825740293785089 10.942329329409143 -17.335380839391803
-3.293691561594122 1.6580720178089048 11.795062200418508 -16.766827597618416
-3.167508426007357 1.4965083576204448 12.618313558676471 -16.156366018845993
-3.033408168962073 1.3414531382294526 13.410025704528408 -15.505521939099225
-2.8917259712628187 1.1932939169332082 14.168219769925406 -14.815922129624429
-2.7428159646171806 1.0524010146251217 14.891000664563807 -14.089290230808658
-2.5870503464909405 0.919126590185358 15.576561812624027 -13.327442443976373
-2.4248184498082477 0.793803760267038 16.22318966826926 -12.532282991831995
-2.256525769822071 0.6767457666780895 16.829267998617674 -11.70579935889485
-2.082592950587242 0.5682451934398602 17.393281923482885 -10.850057323822925
-1.9034547335693868 0.4685732354794396 17.91382170178551 -9.967195796042065
-1.7195588710176701 0.37797902078357637 18.389586255171658 -9.059421469586322
-1.5313650068173574 0.29668898770845525 18.819386420031265 -8.12900330751211
-1.3393435276194796 0.22490631900173325 19.202147919787773 -7.178266870672201
-1.1439743871191783 0.16281043395148595 19.53691405003013 -6.20958850502473
-0.9457459064214226 0.1105565399314272 19.82284806977556 -5.225389402005875
-0.7451535534925601 0.06827524446330521 20.05923529288626 -4.228129546812197
-0.5426987047484347 0.036072228766117306 20.245484874412533 -3.220301569718791
-0.33888739187445993 0.014027983608100057 20.381131287397476 -2.204424515801725
-0.13422903700994082 0.002197608121727564 20.465835486451912 -1.1830375486372493
0.07076482054197217 0.0006106720845753127 20.499385755191298 -0.15869360371522512
0.27558180289613643 0.009271142010275872 20.481698235416427 0.8660469925700558
0.479709974263289 0.028157371234300538 20.412817136715255 1.8886229224024664
0.6826391205229085 0.057222154019347285 20.292914625961952 2.9064782785046748
0.8838620244928024 0.09639284354509976 20.12229039698938 3.9170689525752476
1.0828757337079082 0.14557153348744434 19.901370921510594 4.917868994234458
1.2791828175395246 0.20463530273329178 19.630708383161643 5.906376924584743
1.4722926105128253 0.2734365226193438 19.310979297330086 6.880121988605206
1.6617224387150134 0.351803225926868 18.942982820218806 7.836670330752421
1.8469988262287305 0.4395395367101857 18.52763875137172 8.773631078331766
2.02765867857527 0.5364261598845259 18.065985234653937 9.68866231743402
2.2032504402095974 0.6422209293495307 17.55917616343275 10.579476946500481
2.373335223174049 0.7566594132783884 17.008478296445148 11.443848392885775
2.537487904089656 0.8794555750596873 16.415268091560698 12.279616178129887
2.695298186743193 1.010302488239979 15.781028265353703 13.084691318029153
2.8463716276140327 1.1488731036800675 15.107344087083968 13.857061544008854
2.990330621777525 1.2948210670075342 14.39589941634923 14.594796332746677
3.1268153467206563 1.4477815843222905 13.648472494313106 15.296051731475629
3.255484661710939 1.6073723339913468 12.866931499028265 15.95907496690564
3.376016960470581 1.7731944222537863 12.053229875964238 16.58220882624396
3.488110975024692 1.9448333802474271 11.209401455411076 17.163895799364084
3.59148652871432 2.1218601999651265 10.337555368962809 17.70268197176993
3.6858852364921892 2.3038324065513756 9.439870777786899 18.197220658624904
3.771071150750751 2.4902951642590017 8.518591425856187 18.646275770762628
3.846831351068326 2.680782413301663 7.576020031757487 19.048724904266145
3.9129764763992694 2.8748180347605943 6.614512533094352 19.403562145893154
3.9693411983779696 3.071917040633947 5.6364721978700185 19.709900587335248
4.015784634553659 3.2715867860542147 4.644343617568984 19.966974542026797
4.052190700523174 3.4733282006438406 3.640606596951426 20.174141458962605
4.078468400081501 3.676637035931248 2.6277699558327523 20.33088352874077
4.094552052664907 3.8810051257094136 1.608365258340635 20.436808977816543
4.100401457518139 4.085921656186735 0.5849404853231003 20.491653047732143
4.0960019941753725 4.290874442755485 -0.4399463342766263 20.495278656875016
4.0813646590037695 4.49535121018659 -1.4637335171602834 20.447676743110488
4.056526037718283 4.698840873050914 -2.483862128548719 20.348966286432375
4.021548213936421 4.9008348131666635 -3.4977823781861725 20.199394011574956
3.9765186140015407 5.10082815087996 -4.502959993488009 19.999333771329646
3.9215497884625172 5.298321007001037 -5.496882553902356 19.74928561210769
3.856779130755987 5.492819752241883 -6.477065770653042 19.44987452408459
3.7823685337943096 5.683838241032384 -7.44105969616774 19.101848879050113
3.6985039853175996 5.87089902663107 -8.386454847670995 18.7060785598686
3.6053951030212366 6.053534554493319 -9.310888229636326 18.263552786224803
3.5032746106207924 6.231288330914217 -10.212049240044417 17.775377642089865
3.3923977561639442 6.403716064025091 -11.08768544568483 17.242773311087422
3.2730416740432844 6.570386774291792 -11.935608212065988 16.667071026670012
3.1455046923046686 6.730883871739079 -12.753698173861572 16.049709744728716
3.0101055869824673 6.884806197208607 -13.539910532220114 15.392232546952856
2.8671827853254954 7.0317690250479 -14.292280165697196 14.69628278392936
2.7170935199051387 7.171405024724122 -15.008926542035656 13.963599967622159
2.56021293571997 7.303365178959104 -15.68805841851687 13.196015423498185
2.3969331525286233 7.427319656090778 -16.327978319134672 12.395447713167448
2.2276622847546097 7.542958634480559 -16.927086777401364 11.563897838978166
2.0528234214128003 7.64999307690609 -17.48388633418093 10.703444242553013
1.87285356860723 7.748155453003765 -17.996985280557027 9.816237609767485
1.6882025572434252 7.837200407955318 -18.46510113638048 8.904495495155258
1.4993319186854075 7.916905375747085 -18.887063855801756 7.97049677917675
1.306713731167645 7.987071135469133 -19.261818751776232 7.0165759722047785
1.1108294398453196 8.047522309263778 -19.58842913223256 6.045117379464422
0.9121686534321697 8.098107800678894 -19.866078641314985 5.058549141511675
0.7112279204336909 8.13870117233036 -20.094073299847878 4.059337165146615
0.5085094880344686 8.169200961929667 -20.27184323992223 3.0499789599306166
0.3045200467417822 8.189530935886799 -20.398944129268642 2.0329973957131275
0.09976946392321595 8.199640279854508 -20.475058281856622 1.0109343967709326
-0.10523049059622583 8.19950372573772 -20.499995451944176 -0.013655411678733837
-0.309967423692157 8.189121614850613 -20.473693309593116 -1.0382110887108043
-0.5139295996567713 8.168519897063504 -20.39621759646143 -2.0601717787109806
-0.7166072192716051 8.137750065941693 -20.267761961483373 -3.0769831121811
-0.917493694040085 8.096889030038367 -20.08864747684799 -4.086103590332595
-1.1160869123949435 8.04603892066327 -19.859321835485847 -5.08501093750987
-1.3118904947156422 7.9853268366076104 -19.58035823206987 -6.071208405565874
-1.5044150340189137 7.914904526463289 -19.252453930327157 -7.042231014432177
-1.6931793192213418 7.834948009330435 -18.876428520242808 -7.995651713285415
-1.8777115379164595 7.7456571348613314 -18.453221869511783 -8.929087446910355
-2.057550455660051 7.647255083740363 -17.983891774359147 -9.840205112096868
-2.232246568816055 7.539987809848534 -17.4696113156004 -10.72672738918289
-2.4013632280815584 7.424123425506858 -16.91166592655035 -11.586438434167592
-2.5644777298826513 7.299951531335184 -16.311450180109272 -12.417189417167362
-2.721182372913221 7.16778249240147 -15.670464303056965 -13.21690389337145
-2.8710854771758916 7.027946662470744 -14.990310426267058 -13.983582993072597
-3.013812362978034 6.880793558292741 -14.272688580214236 -14.715310417800302
-3.149006287435868 6.72669098599205 -13.519392445783401 -15.410257230069027
-3.2763293361458836 6.5660241217443565 -12.732304871001585 -16.0666864247694
-3.3954632677948684 6.399194549036593 -11.913393164898459 -16.682957270776384
-3.5061103095974513 6.226619254917367 -11.064704180258307 -17.257529411922622
-3.607993901572992 6.0487295877465 -10.188359197554053 -17.788966717086627
-3.7008593878015 5.865970179048773 -9.286548622850813 -18.275940869772686
-3.784474652930815 5.67879783216667 -8.361526512931473 -18.71723468821033
-3.8586307023441013 5.4876803804899215 -7.415604941328634 -19.111745167674833
-3.92314218453755 5.293095518115675 -6.4511482193448675 -19.458486237424623
-3.977847854402608 5.095529605862029 -5.470566986505785 -19.756591225364588
-4.022610976254774 4.89547645561928 -4.47631218521665 -20.00531502427495
-4.057319665601602 4.693436096077367 -3.4708689346827937 -20.20403595419128
-4.08188716879566 4.48991352291456 -2.4567503194058276 -20.352257316280653
-4.096252079873472 4.28541743657126 -1.4364911077811804 -20.449608634330037
-4.100378494038444 4.080458970763821 -0.4126414164971867 -20.495846580743894
-4.094256097404158 3.875550414916456 0.6122396634285543 -20.490855584736448
-4.077900192773718 3.6712039337044713 1.635590463043977 -20.434648121198457
-4.05135166139071 3.4679302869093065 2.6548531383008367 -20.32736467951648
-4.014676860757382 3.2662375527850807 3.6674800633327305 -20.169273412422594
-3.9679674587754525 3.0666298581275586 4.670940198192986 -19.96076946575219
-3.911340204624089 2.869606118219707 5.662725415136391 -19.70237399078518
-3.8449366369477653 2.6756587898033146 6.64035676763234 -19.394732841639232
-3.768922730083364 2.4852726401936067 7.601390686440161 -19.03861496097079
-3.6834884792107676 2.2989235356134174 8.543425087259623 -18.63491045801892
-3.5888474254638605 2.1170772517754597 9.46410537469071 -18.18462838379576
-3.4852361221889017 1.9401883096856147 10.361130327495868 -17.6888942089845
-3.372913543684355 1.7686988395771268 11.232257850454651 -17.148947010848797
-3.252160437900014 1.6030374758152774 12.075310578434104 -16.566136376184925
-3.1232786247133375 1.443618285534701 12.88818131866765 -15.941919028057638
-2.9865902415369416 1.2908397336871897 13.668838317639606 -15.277855184751138
-2.842436938142833 1.1450836870868304 14.415330339410849 -14.575604660035932
-2.6911790227159083 1.0067144599418425 15.125791542692474 -13.8369227144988
-2.533194561271135 0.8760779032587879 15.798446144477326 -13.063655668305465
-2.368878432685408 0.7535005403951707 16.431612858572684 -12.25773628636172
-2.1986413417060064 0.6392887509210934 17.02370909794016 -11.421178947407723
-2.0229087924026157 0.5337280048298911 17.573254930339097 -10.556074609120222
-1.8421200246287512 0.43708214901181813 18.078876777386434 -9.664585581807298
-1.656726916150878 0.3495927477742308 18.53931084778732 -8.74894012375873
-1.4671928531893261 0.2714784790566238 18.95340629615518 -7.811426871760702
-1.2739915721940678 0.20293458784966636 19.32012809952584 -6.854389120695744
-1.077605975750309 0.14413239818440743 19.63855964437589 -5.880218966525893
-0.8785269255735175 0.09521888491142178 19.907905017679145 -4.891351327298566
-0.6772520156107703 0.05631630634022657 20.12749099627472 -3.8902578571195203
-0.47428432831502754 0.027521898657178554 20.29676872957428 -2.879440768304802
-0.2701311772010003 0.008907632885647714 20.41531511140272 -1.861426577153084
-0.06530283882556803 0.0005200349959406606 20.48283383754323 -0.8387597889707054
0.13968872263786727 0.002380069614605125 20.49915614634353 0.1860034618664464
0.34433113504318846 0.01448308762378175 20.464241240532118 1.2103018009176625
0.5481128989350903 0.036798837781577526 20.378176389190187 2.2315750157795775
0.7505246660313342 0.06927154233441599 20.241176709624384 3.247270455283845
0.9510605123281899 0.11182003643237262 20.053584629685574 4.254849409795664
1.1492192026469652 0.16433797099902991 19.815869031877533 5.25179345666573
1.344505443460914 0.22669407854878282 19.52862408139489 6.2356107549752915
1.53643112087111 0.29873250128719 19.19256774101958 7.203842273840719
1.7245165206369877 0.3802731806742907 18.808539976587774 8.154067938710075
1.9082915272121153 0.4711123074771822 18.377500657512762 9.083912680289147
2.0872967987882283 0.5710228311869598 17.900527157611297 9.991052370977767
2.2610849154105295 0.6797550275267441 17.37881166223013 10.87321963397843
2.4292214972945647 0.7970371226323187 16.81365818840354 11.728209510557466
2.591286290549464 0.9225759723452537 16.206479325489894 12.55388497129349
2.7468742175938017 1.0560577949206356 15.558792704433806 13.348182257538193
2.895596389638594 1.1971489553180155 14.872217204479238 14.109116039737987
3.0370810787067386 1.3454967991152558 14.14846890681447 14.834784379724033
3.170974646759367 1.500730533960927 13.389356805262837 15.523373484567127
3.2969424296067698 1.6624621563620812 12.596778284740278 16.173162240115435
3.4146695733945815 1.8302874214909166 11.772714378781185 16.782526512883535
3.523861821574444 2.0037868535863192 10.919224817986267 17.349943209540278
3.6242462503921318 2.1825267944248083 10.038442881768745 17.873994083848928
3.7155719510547995 2.3660604872402495 9.132570066266792 18.353369281544133
3.7976106568722967 2.553929193383104 8.203870581749724 18.78687061428543
3.8701573138050116 2.7456633389281446 7.25466569327149 19.1734145545041
3.933030592992181 2.9407836883647223 6.287327918716937 19.512034943657785
3.986073343979608 3.1388025424359594 5.304275098742675 19.801885407123695
4.029152987513954 3.339224957132903 4.307964353434628 20.042241469694364
4.062161846921828 3.5415499807967867 3.300885940787462 20.232502366388385
4.0850174172453935 3.745271906237287 2.2855570323564938 20.372192544049984
4.0976625714617905 3.949881534737129 1.2645154216397274 20.46096284998424
4.100065703270948 4.154867448783699 0.24031318091576326 20.498591404657006
4.09222080609487 4.359717290346481 -0.784489717607805 20.48498415627817
4.074147488090953 4.563919041505303 -1.8073318003917012 20.42017511588216
4.045890923141805 4.766962304228484 -2.8256564949148246 20.304326272318068
4.007521737944064 4.968339576102102 -3.836918519774118 20.137727187361893
3.9591358354784387 5.167547518821731 -4.838590246562513 19.920794271962905
3.900854155302203 5.364088216276063 -5.82816801762359 19.65406974543312
3.8328223712632843 5.557470419077877 -6.803178403891841 19.338220280181414
3.7552105273915126 5.747210772431674 -7.761184387177184 18.974035335379693
3.6682126128770998 5.932835024268935 -8.699791451441278 18.56242518372611
3.572046077198694 6.113879210631309 -9.616653567840578 18.104418636237373
3.4669512866129275 6.289890815338879 -10.50947905857664 17.60116047075701
3.353190923363956 6.460429901044948 -11.37603632489715 17.053908570606932
3.23104932911465 6.625070208850291 -12.214159424930614 16.464030780534234
3.1008317942405195 6.783400223728408 -13.021753487413015 15.833001487811682
2.9628637947627694 6.935024203098782 -13.796799947775007 15.162397937037385
2.8174901788277484 7.079563165977229 -14.53736159350208 14.453896287844696
2.6650743047661787 7.216655840230989 -15.241587406156963 13.709267425376071
2.505997132886561 7.345959565570913 -15.907717187961737 12.930372533992466
2.3406562732728053 7.467151150023731 -16.534085961375567 12.119158445281725
2.1694649919660907 7.579927677743665 -17.11912813067148 11.27765277199349
1.9928511780149876 7.684007266144298 -17.6613813951103 10.4079588400633
1.811256273975678 7.779129770458229 -18.159490403930974 9.512250431393136
1.6251341725354618 7.865057433963517 -18.612210144021606 8.592766350528752
1.4349500820174232 7.941575482251659 -19.018409051803857 7.6518048288142575
1.2411793636018975 8.008492660051767 -19.377071841552567 6.691717780010649
1.0443063431710842 8.06564170926913 -19.68730204308134 5.714904921736267
0.8448231007465731 8.112879787043354 -19.94832424245111 4.723807777422493
0.643228240545561 8.150088822781122 -20.159486020101202 3.7209035737766993
0.44002564472997696 8.177175813271177 -20.320259581558407 2.7086990490055856
0.23572321396349358 8.194073055143928 -20.43024307664834 1.6897241872751534
0.030831597924377924 8.200738314094608 -20.489161603911565 0.6665258950678788
-0.17413708105276315 8.197154930447036 -20.496867897714107 -0.35833836475708897
-0.37867050801611135 8.183331860794144 -20.453342696334822 -1.382306965289177
-0.582257455917208 8.159303655611149 -20.358694790109666 -2.4028205182995936
-0.7843890634123333 8.12513037289736 -20.21316074951253 -3.417328271378998
-0.9845601067508556 8.080897428062459 -20.017104333852235 -4.423294483490115
-1.182270262571493 8.026715380432462 -19.771015582063733 -5.418204762999743
-1.3770253584501524 7.962719656908978 -19.475509587865947 -6.3995723523483665
-1.5683386080736306 7.889070213472488 -19.131324962347826 -7.364944343648974
-1.7557318279518834 7.805951135375695 -18.739321987825274 -8.31190780967933
-1.9387366326277173 7.713570177026261 -18.300480467583398 -9.238095834943396
-2.116895605396503 7.612158242708987 -17.81589727687856 -10.14119343172741
-2.289763441609718 7.501968809445351 -17.286783621321465 -11.018943326363555
-2.4569080617046573 7.383277293432966 -16.71446200949395 -11.869151601238544
-2.61791169117832 7.256380361648515 -16.100362947366243 -12.6896931784451
-2.77237190480609 7.121595190334815 -15.446021362777062 -13.478517131370003
-2.9199026324952237 6.97925867222539 -14.753072768913363 -14.23365181094251
-3.0601351242590153 6.829726574488087 -14.023249176379156 -14.953209773730231
-3.1927188718997255 6.67337264949244 -13.258374764070998 -15.63539249956474
-3.317322485096533 6.510587700623386 -12.460361319680766 -16.278494886905342
-3.433634519708754 6.341778605476336 -11.631203461222064 -16.880909514704946
-3.5413642562239938 6.167367298875082 -10.772973651523975 -17.441130660125513
-3.6402424264055266 5.987789718254471 -9.887817018153301 -17.957758062061032
-3.7300218863226546 5.803494714043861 -8.977945991712803 -18.42950042106101
-3.810478234081824 5.614942927774795 -8.045634775916913 -18.855178626906625
-3.8814103707144922 5.422605640717073 -7.093213663266827 -19.23372870577218
-3.9426410028198204 5.226963595921017 -6.123063210532838 -19.564204479605586
-3.9940170857058424 5.02850579661021 -5.137608288602196 -19.845779931080713
-4.035410205921489 4.827728283928105 -4.139312021564723 -20.077751268210537
-4.066716902223343 4.625132897093499 -3.1306696301853676 -20.259538683460566
-4.087858924174861 4.421226019063841 -2.1142021951517753 -20.390687802965733
-4.098783427731716 4.216517310841557 -1.092450355685523 -20.470870822228413
-4.099463107324388 4.011518437586967 -0.06796795926720392 -20.499887325458964
-4.089896264107865 3.806741789721859 0.9566843216522541 -20.47766478651081
-4.070106810207873 3.6026992022202786 1.9789453899991452 -20.404258750158046
-4.040144208953015 3.3999006752876544 2.9962601254858754 -20.27985269326243
-4.000083351242204 3.198853099625887 4.006085771081 -20.104757566176776
-3.9500243683564285 3.0000589894705767 5.005898288577561 -19.879411015531023
-3.8900923816826873 2.8040152265671408 5.993198667374111 -19.604376290343573
-3.82043718997569 2.61121181822522 6.965519170699758 -19.28034083419207
-3.741232894938981 2.422130672555595 7.920429503670916 -18.908114566962496
-3.6526774660613524 2.2372443939508826 8.855542887762844 -18.48862786047123
-3.554992245796223 2.0570151018206824 9.768522026512953 -18.022929213020042
-3.448421396320776 1.8818932755337183 10.657084947544705 -17.512182628696404
-3.3332312892576743 1.7123166284540239 11.519010706310153 -16.957664707969432
-3.209709839884728 1.5487090138854878 12.352144937294636 -16.360761456853606
-3.078165787496642 1.3914793656593327 13.154405238808613 -15.722964822615502
-2.938927923717568 1.2410206760125062 13.923786377907389 -15.045868964682652
-2.792344270693276 1.0977090133117544 14.658365302429168 -14.331166270075183
-2.6387812112170366 0.9619025820785579 15.356305947623955 -13.580643123319645
-2.4786225729634443 0.8339408276643776 16.015863825359222 -12.796175441418027
-2.3122686691191268 0.7141435878140555 16.635390384431737 -11.979723985032212
-2.1401352978082566 0.6028102932380208 17.213337131087016 -11.133329457603466
-1.962652702813784 0.5002192191914547 17.74825949944726 -10.25910740465661
-1.7802644981920464 0.40662678993107504 18.238820462173763 -9.359242926037968
-1.5934265594686572 0.32226693778803783 18.68379387233891 -8.435985214303724
-1.4026058841871076 0.24735051845893888 19.082067528154962 -7.4916419329098956
-1.2082794246581146 0.18206478397638398 19.432645952899296 -6.52857344825549
-1.010932895827237 0.12657291467642623 19.73465288308776 -5.5491869299957735
-0.8110595612404665 0.08101361133270867 19.987333458677053 -4.555930334371756
-0.6091590001422494 0.04550074847676405 20.190056109821704 -3.551286285594461
-0.4057358587875518 0.020123089770990785 20.342314135469763 -2.5377658705773265
-0.20129858908903622 0.004944066145724133 20.443726969851557 -1.5179023625266652
0.0036418222479229767 1.6172549445652232e-06 20.49404113369592 -0.4942448890779567
0.20857313092588645 0.005308096646901405 20.493130867796346 0.530647939195684
