0.08775825618903728 0.0
0.09483089899396384 0.0017408687925366633
0.014765340943711985 0.003829506454506135
-0.07875198965098976 0.00199364888899388
-0.09978022079678237 -0.004825256509705825
-0.029182913612099654 -0.010974445621057032
0.06794086404112393 -0.008725829443759504
0.10234601911513606 0.0027055146845985974
0.04273070269202221 0.013818307438644612
-0.05575882853210545 0.012642684905982905
-0.10259007388551161 -0.002633071656057681
-0.055147564977355026 -0.019337486651308727
0.04245183430212984 -0.020716396432961727
0.1004191228272633 -0.0026351810111651212
0.0659809729055911 0.019981977390763673
-0.028530374050281984 0.02532574904274992
-0.09604911272199632 0.005706286074757667
-0.07506396467524912 -0.02281825776429827
0.01429016256682994 -0.03340149089941355
0.08953594623673931 -0.013687041115929787
0.08205941653123458 0.020406545795123392
-0.00026293317673878325 0.03730857604156905
-0.08123432941803548 0.019058697590380126
-0.0869327417756619 -0.01993947412134512
-0.013263568759321026 -0.04399215177683892
0.07132350662293058 -0.028817690032806376
0.08949129089812703 0.014114523279604836
0.025794395574134266 0.04585935642050427
-0.060261674434753734 0.035354665412438986
-0.0898517393566673 -0.010267442559423315
-0.037105944593184045 -0.04992380453228756
0.048308026062518244 -0.04559880033217787
0.08797393572584547 0.0012391961201119045
0.04679229864589554 0.04868488102562498
-0.03597435465146334 0.051899540005095356
-0.08412270398405597 0.005496129918600816
-0.05474038723229592 -0.04926881468068279
0.023545270909052687 -0.06117264359894928
0.07839628105188814 -0.016969713895736364
0.060672151344346906 0.04430377999644971
-0.011529030520738726 0.06578260362048374
-0.07118308509722358 0.025595041704547405
-0.06461489621765765 -0.04105615487728147
0.0001780544452486127 -0.07268829700453265
0.06268568325449483 -0.038310674179013446
0.0664381954369529 0.0323003635723219
0.01005887513918692 0.07432394901135939
-0.05337382057868606 0.047460936339978124
-0.06631872792020564 -0.02544962959803161
-0.019013712751996453 -0.07774232089327032
0.04350551772976188 -0.059941458008986544
0.06427161788250094 0.013420274652381027
0.026343649141832577 0.0754922936059519
-0.03357820540388897 0.06808165793298145
-0.060609867661639935 -0.003757096447969621
-0.03200410698347621 -0.07475788416424532
0.023848972579503254 -0.07879103214844063
0.05547065573207216 -0.010507336533160092
0.03578849534412239 0.06823102232060786
-0.014785926946298565 0.0844413091855557
-0.04927027830310689 0.021731752222517164
-0.037795996324367316 -0.06324530351344564
0.006589734590012997 -0.09201134365518808
0.04222667456555768 -0.036810598713342864
0.037965842619380116 0.05264324233749631
0.00035271265405851376 0.09396686159663699
-0.034811454659268784 0.04805596318877729
-0.03653956547242837 -0.04390444891873488
-0.005943523135615872 -0.09740201797766948
0.027270478772139797 -0.06234387280335932
0.03358988002558457 0.030007461006794883
0.009916098990030209 0.09491500332513692
-0.02007497840382983 0.07199704472109152
-0.02947789017748474 -0.018552857037169593
-0.012305671297655762 -0.09374481360645169
0.013442301089356939 -0.08393093980033317
0.02437746936672284 0.002620572550812772
0.01298642851351273 0.08664159844452608
-0.007788262199958682 0.09053519519365301
-0.018728668475206503 0.010110785603771946
-0.012136607130120533 -0.0809978975986843
0.0032501376878804264 -0.09881733847294563
0.012759149683270821 -0.02650956246995828
0.009770101766021866 0.06971338698238055
-0.00014219573994918647 0.10128094492884088
-0.006935607872155237 0.038873710815732335
-0.006196171818177007 -0.06032065299289559
-0.001517319447156106 -0.1050652620679638
0.0014842526558171685 -0.05407734066458769
0.001546004924370109 0.045844820099228495
0.001546004924370104 0.1028186148609248
0.003157652045668138 0.06445322264257211
0.003772095318045291 -0.03392474134285932
-6.517997382380052e-05 -0.1018327924742678
-0.006820122747408191 -0.07693811141764698
-0.009549966713185011 0.017668747631720508
-0.0029657219420472286 0.09491092494003876
0.009146713547394335 0.08395299469438358
0.015327379332069615 -0.0047728100684175795
0.007286782599030836 -0.08949625629140051
-0.010069710913847051 -0.09254521782351711
-0.020871316789757746 -0.011625775983556852
-0.012808594394556356 0.0785345316024311
0.009352432821251002 0.0952647085752143
0.025724759852096934 0.023831254019155992
0.019154950494162794 -0.06959760880953497
-0.00705979687100804 -0.09930140206510607
-0.029685891568670776 -0.038735670021943246
-0.026138383076152603 0.05574120481510617
0.003095498683421901 0.09735626554061722
0.03235573835309766 0.048700607842157635
0.03330670666746998 -0.04462455933639826
0.0023328416056150117 -0.09677321684464127
-0.03361520883338672 -0.06070129215644529
-0.040421574012004025 0.029365072648382784
-0.00918201889348437 0.09040454150220179
0.03316962604579035 0.06720521135395174
0.04700708696374097 -0.01765581590618054
0.017113502624304347 -0.08573731120895764
-0.031021831430763293 -0.07531227284713474
-0.05282939104308715 0.002619049682800717
-0.025966866304912184 0.07575361352722478
0.027012103949745785 0.07762879099908028
0.05744525600884251 0.008076309811593116
0.03530462863055149 -0.06805228865545467
-0.021286146094109976 -0.08140249365252576
-0.06068057112184116 -0.021360140638638517
-0.04488958296989697 0.05570515716170252
0.01382957248339764 0.07939104007582684
0.062176797675403905 0.029641581386383578
0.054232709061930784 -0.04637558311327675
-0.004930357050512757 -0.07899144085140661
-0.061866386375879205 -0.039951456005021944
-0.06307262700601445 0.033172473981532315
-0.005292117077857199 0.07310308131356055
0.05951531678837239 0.04481887166092434
0.0709246062029125 -0.02376764377092319
0.01642974423295413 -0.06925194428006369
-0.0551939125108258 -0.051409077568762326
-0.07756004666382121 0.011249684233222257
-0.028261281826303976 0.06044892764152114
0.048814261338647115 0.05239497099791875
0.08255444282331137 -0.0032422739445059287
0.040298999300512006 -0.05431002798222848
-0.04059558564988096 -0.05508952976152037
-0.08576478500032089 -0.007239966832074715
-0.05226740312694058 0.043911436127754735
0.030596096179195946 0.05231176114358344
0.08687448521602018 0.012670221527571697
0.06365208326100527 -0.036907435397871786
-0.01917288301172186 -0.05151365509955612
-0.08586689507126093 -0.020149826792452065
-0.07417961006967383 0.026384232863046746
0.006508582439618132 0.045640937159538125
0.08256564672661852 0.02228251582975765
0.08336648183046556 -0.019977660429498435
0.0069334318446673815 -0.04225530358484858
-0.0771030553953673 -0.026309729484951347
-0.09099804660753608 0.0107278820249129
-0.020886418064467685 0.03439111086348945
0.06945500508169845 0.02497947483346459
0.096675433704223 -0.006199009398477173
0.034828295952335726 -0.029674354069890548
-0.05990375950372306 -0.025676108182934598
-0.10029149260219539 -0.0006633104909161934
-0.0484613001560695 0.021177027771824463
0.04856732867865747 0.021283730471090005
0.10157388492862607 0.0024085435091988176
0.06126127091512862 -0.016534790674199475
-0.03585703925026207 -0.01931077767149173
-0.10055646981532484 -0.0062192304621955
-0.07295749747482942 0.008801076169259136
0.022002134848253765 0.012748689618471549
0.09711729742695731 0.004782638717587495
0.0830811196794279 -0.005565578479797738
-0.007503232706592644 -0.009192417694778543
-0.09144454070570877 -0.005423370863152481
-0.09144303555363006 -0.00018977523945255988
-0.007346383364108852 0.0016958083522017233
0.08356888313955861 0.0009695080607005041
0.09767939180976021 0.0009695080607004919
0.022009683722965426 0.0021102535668476156
-0.0738239013763658 0.001120236375832114
-0.1017257130678546 -0.0039049286751512546
-0.03618595831002393 -0.00916381588124583
0.062373167193018914 -0.00789556956500381
0.10335788714555383 0.00162839997315185
0.04936002591237494 0.011854009676069251
-0.04966580453094864 0.01179220610268289
-0.10266122981099701 -0.0014087046700438227
-0.06128150733190824 -0.017166242692638365
0.03595940581062288 -0.019775026926572
0.09956603487328458 -0.0039800233032239035
0.07151219113838125 0.017562530060765365
-0.021772199025102926 0.024218983140743545
-0.09431103537491764 0.007128436195787614
-0.07990248083672594 -0.020123894199408614
0.007403495866752763 -0.03205465670039421
0.08697339040813304 -0.015128502052467154
0.08613505762650663 0.017427033678354718
0.006615596036584029 0.03565056004898717
-0.07792683043062912 0.02044885480301891
-0.09019688583656729 -0.01668233079401661
-0.02000211283714526 -0.04195903339311559
0.06736677342280789 -0.030076091259483555
0.09191786104708499 0.0106055630931285
0.03226982927128178 0.04339780832813138
-0.055764225885273945 0.03639426297393388
-0.09143741518362553 -0.006550575343037296
-0.04320745123495695 -0.04699412346423254
0.04338743866504234 -0.046329532560743895
0.08873758015093425 -0.002624521777221861
0.05242447529460249 0.04526352706780322
-0.03075325987895576 0.05223211496965199
-0.08410403264985142 0.009430161977750942
-0.059825760768788906 -0.04535035552459078
0.01814724901773524 -0.06102238000381517
0.07765382910216326 -0.020884369639960598
0.065153019558649 0.03990215878620226
-0.00607455090240186 0.06507318092601311
-0.06979155191545842 0.029390379870394785
-0.06845443333569061 -0.03620522563947639
-0.005219389815888084 -0.07135526956872977
0.060732758395886224 -0.04187987763915926
0.06962078904739444 0.027053665729144513
0.015296298740865417 0.07231788728365528
-0.05095661288948836 0.050694035185921804
-0.0688495429743689 -0.019879401711728348
-0.024001709014903574 -0.07503145610134038
0.040726723809519846 -0.06272926342694245
0.06617541224514338 0.007615736257511607
0.031008891356076138 0.07206456046547813
-0.03054216260416482 0.07031976086504156
-0.061929111513039065 0.0021779454813231486
-0.0362911932352034 -0.07062227823573224
0.02065774531397164 -0.08038371755306008
0.0562630329201426 -0.016457474300553124
0.039661074842196026 0.06341821391207277
-0.011535573083261912 0.085305239121775
-0.04960567055380008 0.027573452519678354
-0.04123714255923682 -0.05780747753857664
0.0033668911906070964 -0.09207887032934042
0.042183748427837335 -0.042416042591662574
0.0409776672383043 0.046653162257025295
0.003473797712882129 0.09318884463784911
-0.03447398547968914 0.05329711320057533
-0.0391420954738955 -0.03745377174380153
-0.008903404571728713 -0.09575003806289308
0.026723555326563297 -0.06709662057283441
0.035819248682215546 0.023204358247064988
0.012671905009040751 0.09238288619210829
-0.019401235714361996 0.0761452886143944
-0.03138391794673534 -0.011519022388422881
-0.01483216920669386 -0.09034940365764092
0.012718327281437507 -0.08737044436920699
0.026020733972020267 -0.004512279934102734
0.015276349408935505 0.08242274861871692
-0.007081318075389319 0.09317709159785804
-0.020177182476774892 0.017204809990563508
-0.014200222429082702 -0.07601767094432228
0.0026153152787913893 -0.10059113786591017
0.014084778490345985 -0.03342491860923488
0.011634073000516762 0.0640544943349219
0.000379875062840632 0.10213695434493197
-0.008210370728540887 0.045472804246480265
-0.007901722911551844 -0.0540841792554504
-0.001902128380674167 -0.10497631402577576
0.002776653300749412 -0.06022901374883438
0.0031464920775338993 0.03914731780260654
0.0017861197342325494 0.10178104688805889
0.001786119734232532 0.07003674747209654
0.002214117965960187 -0.02689479343999615
-0.0001704694377671007 -0.09986664013392922
-0.0053181557251405845 -0.08184684212372481
-0.007966068184556616 0.010443120993053195
-0.0029686082680916766 0.09205932067790362
0.007475940943459504 0.08809754916192421
0.013646827369397263 0.0025076638395237355
0.007355657207909981 -0.0858240554508868
-0.008206886433663926 -0.0958560760008157
-0.0190247657583029 -0.01882044679465432
-0.01288764868477301 0.07412621519517436
0.0072909900016894305 0.09769413593898213
0.02364790445156883 0.03080387356584896
0.019177271110551217 -0.06455453902242787
-0.0048107034273132225 -0.10082463155013938
-0.027322940959433425 -0.04535843892566817
-0.026028970001954223 0.050178332801764994
0.000687373071195329 0.09797189845080001
0.02966257196178779 0.05485790430576699
0.032985875840876436 -0.03866670470118045
0.004854359984634661 -0.09650283191139268
-0.030562087032076073 -0.06629295159335512
-0.03980861217391042 0.02314290944581257
-0.011755625752842086 0.089291530278774
0.029743345650610882 0.07214924227269234
0.04602401637546389 -0.011301710374873875
0.019664263097457772 -0.08384498630111824
-0.027227236911580813 -0.07954691542377602
-0.05140469702554752 -0.003737100074229144
-0.028408853312467404 0.07316266270674944
0.022872889595547848 0.08111384922672661
0.05551743112847581 0.014311082581795503
0.037544067737899124 -0.06485767169274105
-0.016844911224504808 -0.08411989894107766
-0.05820133625465427 -0.02736030582469231
-0.04682838641950884 0.052012562361512964
0.009147120126248146 0.08134463267668801
0.059113871882653705 0.03530738571414818
0.05577226631546074 -0.0422975762935148
-8.425525435663828e-05 -0.08020598443446636
-0.05820569408727951 -0.045199367598035015
-0.0641177087582442 0.028824483414259416
-0.010209664041399252 0.07362255434493661
0.05526254159329938 0.04958368650976404
0.07138723382748796 -0.01926393000927533
0.021314641153816594 -0.06913717848014556
-0.05037533112687255 -0.05564531756684756
-0.0773631796131519 0.006699443580798686
-0.03300080704839054 0.059774687749068856
0.04347681815186064 0.056077529449685054
0.08163534261671146 0.0012539814027565724
0.044775471089163466 -0.05316164741792542
-0.034806196597496036 -0.05821354859047234
-0.0840779258719465 -0.011593620007082743
-0.056362114884767375 0.04238113918058292
0.02444019961037007 0.05489175287366377
0.08439389783400542 0.016807237595993924
0.06724936382441137 -0.03509048765377795
-0.0127522834325213 -0.05358191097155279
-0.08258785037417929 -0.0240128190570936
-0.07717085993841431 0.02437506734677665
-6.134033509493098e-05 0.04724528941436383
0.07850561108417628 0.025832119998924593
0.0856540363708394 -0.01786612712697103
0.013527051646647872 -0.04345633399810706
-0.07230187508569591 -0.02952524036303874
-0.09249872302493607 0.008595763093435321
-0.02737161253903468 0.03525891815017891
0.06397430648760634 0.02785872833777607
0.09732362969277353 -0.004116931662266586
0.04107048495151956 -0.030285009026151284
-0.0538255804033138 -0.02823462022819281
-0.10004172063733668 -0.002638449814445127
-0.05432762820914071 0.021608856375393157
0.0419920244588326 0.023553132511129983
0.10040264657658565 0.004235541908186202
0.06662478381175356 -0.01686463140367676
-0.02890053474083569 -0.021336615383886468
-0.09846339843215403 -0.00787386370437291
-0.07770116274908777 0.009100658301308481
0.014792616754679327 0.01458767535869214
0.09412552431523055 0.0062582168467299176
0.08710154611782833 -0.005898163067951542
-0.00017739840219635483 -0.010909248024573975
-0.0876002681938994 -0.0067305485723615655
-0.0946537575711449 0.00022763958313397163
-0.014647388417787802 0.0033596743852501807
0.07894017708839306 0.0021353600586268033
0.10001360024723685 0.0004293236777962598
0.029144496044620286 0.0004293236777962425
-0.06849874421472862 5.383615403207711e-05
-0.10313833407769255 -0.0032197730209446275
-0.043017243786446294 -0.007398636702309691
0.05645683967615919 -0.0068741993046636815
0.10382693460114273 0.0007929793626886483
0.055758593614141184 0.009943794120410215
-0.04327768898504069 0.010751688169985438
-0.10218838321317321 -0.00043507852565422174
-0.06713014373474217 -0.015059891938337807
0.029229324763524953 -0.018644649962664708
0.0981764230444251 -0.005062741353007593
0.07670907900769644 0.015221526347041435
-0.014836420035294229 0.022925026873036047
-0.09205223527213989 0.008275111210955552
-0.08436408233884037 -0.01752468025086043
0.0004005454207741954 -0.03052408034346161
0.08391367906828223 -0.016279706404911165
0.08979836099052502 0.014562782089168926
0.013549159931844412 0.03381470862905159
-0.07415275531174839 0.021533227418491202
-0.09302093836754959 -0.013564029970553199
-0.026735818537415912 -0.039757215312568324
0.0629801312136801 -0.03101323796686653
0.09388453760661865 0.007262372428435207
0.03868315341450783 0.04078060203090695
-0.05087856129211364 0.03709808741429981
-0.09255139942499216 -0.003029430199245363
-0.04919328807811523 -0.04392628100088629
0.03812419195455475 -0.04671187023213462
0.08902556477029389 -0.006260046023276282
0.057892091725452614 0.04172635731997608
-0.025237704417925715 0.052206530905365894
-0.08361317361006358 0.013101689193805138
-0.06470313462622532 -0.041343489272353866
0.012504367239459566 -0.06050798376081259
0.07644951613068413 -0.024501200865755142
0.06938848204278303 0.03544462096090618
-0.00042499878543376945 0.06399831125711104
-0.06795458255178044 0.032852520661021095
-0.0720175623395617 -0.03133576613085924
-0.010763083607904046 -0.06966090542158199
0.058356024536005364 -0.04508150427432857
0.07250252821976419 0.021830328032279037
0.020633162285497886 0.0699606514559557
-0.048141426337716786 0.05352727201934577
-0.0710615501791222 -0.014378337459104655
-0.0290452628097393 -0.07198609262655961
0.03757892014873424 -0.0650881312459298
0.0677486697367478 0.0019293022042754238
0.035689486932219794 0.06832578605805839
-0.027168130260110807 0.07210414896908565
-0.06291185752670198 0.007943744236776004
-0.040557674204021114 -0.06620593117078942
0.01716052873983638 -0.08150323061611134
0.05671809945549466 -0.022186106195739873
0.04348170565174316 0.05836164969146492
-0.0080111954564729 0.08568277384372844
-0.04960733397452394 0.033141436226899475
-0.04459977800661828 -0.052169188631496936
-9.896696673210303e-05 -0.0916537862662333
0.041814217290909596 -0.04769685072280946
0.04388916450213294 0.04051162805393136
0.006808641662633591 0.09191960808143465
-0.033819663083430956 0.05816526241316023
-0.04162699901814705 -0.030905573547557262
-0.012050186563824589 -0.09361623688144455
0.025871222340394927 -0.07143179990821001
0.03791780576568915 0.01636162157041285
0.015590622405438993 0.08938653643720108
-0.01843430063431411 0.07983637584967004
-0.03314950762321977 -0.004506274004056704
-0.01750074390192875 -0.08651549463332248
0.01171328925971326 -0.09031926371152839
0.027516814441615058 -0.011561730779292873
0.01769076050796611 0.07779900103426832
-0.006104578024615587 0.09530177506565701
-0.021473879624688795 0.02415283885588107
-0.01637389273926848 -0.07067351168761495
0.001720457381775186 -0.1018289668538071
0.015255251752487918 -0.040132761073119826
0.013596538425774001 0.05807928023055179
0.0011542276770162337 0.10244657663212353
-0.009327100555679754 0.05180529047475217
-0.009696641228777031 -0.04758472983375664
-0.0025338023088313233 -0.10433925416416304
0.00390779715172686 -0.06605871133383659
0.004829072797048709 0.03224484256901372
0.0022701681738648903 0.10020245365162149
0.000580158852278886 0.07524786455546728
0.0005801588522788765 -0.01972132144756933
-0.0005192085663863711 -0.09737524256548782
-0.003987812523381779 -0.08633875140351764
-0.006311906613572123 0.003137558851082009
-0.0027263035866303123 0.08870659319488948
0.005985100792589455 0.09178780714479305
0.011902147306297985 0.009803705726385809
0.007175770050086216 -0.08168262138935489
-0.0065349239931858875 -0.0986828302796306
-0.01712144914505167 -0.02596691147884829
-0.012713093247539851 0.06928754600253809
0.0054341516436525635 0.09961783566883838
0.02152364825203885 0.037666447034629055
0.018940541338728113 -0.05912603201640121
-0.0027827767681133896 -0.10182898182599864
-0.02492465720715625 -0.051812523155045906
-0.025655260298224514 0.04427987303736018
-0.0014803857034181196 0.09806402700532635
0.026949434845124718 0.06079223336596248
0.03239655214360854 -0.032426835186341645
0.007114041811892107 -0.09571266541769599
-0.02750810434653757 -0.07161272360766545
-0.038924897939491984 0.016694748023302328
-0.014044199650345108 0.08767040648260493
0.02633934990993567 0.07677865806132918
0.04477074937529704 -0.004778760520348493
0.021905767088629898 -0.0814635561409115
-0.023482213363528067 -0.08343103672178612
-0.04971400969136305 -0.010205093830869413
-0.03051716453519165 0.0701081624660143
0.01881458351027941 0.08421971462495359
0.05333220957638071 0.020602086048204432
0.03942614848203911 -0.061230668102813926
-0.012519684168910583 -0.08643686321605423
-0.05547832100227284 -0.033363612447501835
-0.04838788423667014 0.04792329258182514
0.004619053478526418 0.08288392392001122
0.05582627635242692 0.04092677177252941
0.05691333231260293 -0.037862019134465484
0.004566472123583805 -0.08099950228969913
-0.054345234774952435 -0.0503556748978535
-0.06474888925789511 0.024160307499101724
-0.014889069349041849 0.07372096063020966
0.05084079560912758 0.05421674388931922
0.07142528709199439 -0.014486468452129218
0.02591782208178319 -0.0686073574723994
-0.04542436187153962 -0.059715137488585264
-0.07673667142529556 0.0019178430483378917
-0.03741531401915914 0.05869667646066868
0.03804903723119128 0.05956474323909537
0.08028788211112071 0.005940296608462403
0.048885045318930835 -0.051625155448258464
-0.028973458685413712 -0.06111907246953806
-0.08197091584160984 -0.01609804068100723
-0.06005065589959231 0.04048179245726017
0.018292155765611176 0.05723570574947776
0.08150869131782025 0.021058508259082988
0.07040498077006531 -0.03292594004296442
-0.006394046281451862 -0.05540183290080108
-0.0789272270106896 -0.0279569329268248
-0.07968985716716113 0.022041128353070295
-0.006512140167074756 0.04859373572361428
0.07409451168497971 0.029433505423989002
0.08744468551977262 -0.015453052566725085
0.01994371541419497 -0.04439794322228629
-0.06718736020760155 -0.032767200905640115
-0.09348468106060392 0.006184848767499057
-0.0336222078455067 0.03586707138983446
0.058224733444524744 0.03074312711308851
0.09744687491913057 -0.0017775379378318114
0.04702192830975878 -0.030638213291399215
-0.047529022085910866 -0.030780827832061056
-0.09926489598516877 -0.004851331517404283
-0.059849869481191996 0.021786994422495976
0.03525398144027125 0.025796285804152913
0.0987107209687538 0.006283090802333486
0.07159494202663272 -0.01694522510947032
-0.021841018389072417 -0.023325260502279687
-0.09586458185108791 -0.009734534002125267
-0.0820074641028347 0.009155291594828042
0.007542704463594799 0.016380891609020242
0.09065139946159292 0.007928106191732577
0.09064692181300606 -0.005989203890046811
0.007124618280146058 -0.012573368915630436
-0.0833051303018264 -0.008223020216635301
-0.09735897130136335 0.0004053885238316686
-0.02186012678185764 0.0049647372203164095
0.0738996024832368 0.0034799371245485917
0.10181979212528725 0.0001289470599752109
0.036127730179474016 -0.001186741949097638
-0.06280743648106049 -0.0011867419490976326
-0.10400888901155167 -0.002776916034049322
-0.049636126595270995 -0.00570514758888372
0.05022582879128371 -0.005681748632566544
0.10374860775044908 0.00020484825595159552
0.06188770280757212 0.00811360248919479
-0.036630982478118024 0.009542427414722627
-0.10117164229201905 0.000283802369205716
-0.07265720812072457 -0.01304406039582123
0.02230012999794133 -0.017347883312920365
0.09625499586255544 -0.005881014359914656
0.08153825311707717 0.012984229802964797
-0.007763072335003451 0.02146787467673552
-0.08928187995850868 0.009145796226294238
-0.08841865403302743 -0.015045435931324996
-0.006677712612433079 -0.028835178946202553
0.08037022281474039 -0.01714209230526395
0.09302279757111327 0.011838048217623416
0.02049639732887089 0.03182788915786308
-0.06992947415187167 0.022315372000151212
-0.09538220106832304 -0.010608106557290685
-0.03342348287025206 -0.037415015472900284
0.05818456731778649 -0.03163498089312006
0.09537262128562896 0.004107564278276979
0.04499384139389605 0.03803747102545283
-0.04562889462178109 0.03747446067802551
-0.09317908278250761 0.00027453953950009463
-0.05502408679963071 -0.04075134903054779
0.03254529912046142 -0.04675677502357455
0.0888273854324125 -0.009647354749778701
0.06315737371330726 0.03810565736583197
-0.019457048629437992 0.05183653909959203
-0.08264367085456994 0.016492421069868375
-0.0693367103290351 -0.03728153937437484
0.006647868914169824 -0.05964611691192362
0.07478081082975226 -0.02780396879962576
0.07334503748594262 0.030965299235453388
0.00538696350578427 0.06257765021182646
-0.0656733880659497 0.03596760871871053
-0.07527333633341134 -0.026482437403095457
-0.016419397649107312 -0.06762788943982578
0.05556020291482676 -0.047904414943110527
0.07505521186106744 0.01666520920211502
0.026035298792312193 0.06727793683854486
-0.04493622049721268 0.055952546830062254
-0.0729294203044333 -0.008981117509423674
-0.03411006646796379 -0.06863485688746898
0.03407300409818817 -0.06701330226138538
0.06896899640722577 -0.0036049389833531092
0.0403513444266041 0.06430738404362941
-0.023469625519292034 0.07343367298384322
-0.06353865248169402 0.013507247433194765
-0.04476998549815185 -0.061542833460125006
0.013373135600769546 -0.08215225780646535
0.05681929676228673 -0.02766167985430215
0.04721761121761962 0.05309762021688387
-0.00423058268829167 0.08558060806580106
-0.049261514916769986 0.03840612354697907
-0.04785212285141816 -0.04636868673984262
-0.0037883808001521607 -0.09074690502599586
0.04110700810140656 -0.05262588502215296
0.0466697086420886 0.03425844913038931
0.010336397507498617 0.09017412599314532
-0.03283994582142482 0.06263616769922667
-0.043964912424069635 -0.024300770760873766
-0.015361886836794535 -0.09101971660378426
0.024707305605262193 -0.075328487478332
0.03985751268627638 0.00952077820678282
0.018649351085210073 0.08594907487856877
-0.017170197661727785 0.08305308724691393
-0.03474796957267089 0.002443779772415694
-0.020287756430830493 -0.08227003876183857
0.010425246236170721 -0.09276421544136432
0.02884036210287886 -0.018486641982592797
0.020205423158184552 0.07280087592387767
-0.004857985363793806 0.09690037095318256
-0.022594720683636896 0.030914765111420828
-0.01863287979321378 -0.0649991724227116
0.0005672616154573824 -0.10252645940494762
0.016247793613758985 -0.04659457017063857
0.015632323853446185 0.0518243278951852
0.0021775132577868447 0.10221007868032697
-0.01026423355226575 0.05783477627296036
-0.011555348450504245 -0.04086125895888814
-0.0034074133326056043 -0.10315902569542064
0.004857284999767409 -0.07153267529373178
0.006567770584907128 0.025178212088212512
0.0029916822761248208 0.09809241512593649
-0.0004409609756658027 0.0800559168175046
-0.0011033948229739825 -0.012446462495537589
-0.001103394822973958 -0.09437269430706698
-0.002847248057290413 -0.09038669538466022
-0.004614302580838748 -0.004205050164828916
-0.002248371312889828 0.08487114945298678
0.004691221616761597 0.09500048674142728
0.010120617033054238 0.0170722540830595
0.006758299951928118 -0.07709439639397399
-0.005069682592301508 -0.1010063383586455
-0.015189118238749796 -0.03302251144117979
-0.012297799744112513 0.06404465668299267
0.003796529530239519 0.10102100588158991
0.019380215318295372 0.04437727838823905
0.018459419134555094 -0.05334150699608695
-0.0009892679987718415 -0.1023041120172755
-0.02251971156652658 -0.05805772001305057
-0.025033799621903 0.03807807913515669
-0.0033960356424520104 0.09762681063317033
0.024245387639014723 0.06646537590151216
0.0315572693034321 -0.025939550138170744
0.009101834802073345 -0.09440133639978
-0.024482614835165343 -0.07662481205411295
-0.03779104294073374 0.010057020835941774
-0.016039586088140576 0.08554413165909185
0.02298714788635491 0.08106046554588654
0.04327004518258067 0.001875291688210115
0.023831986972874076 -0.07860013701885116
-0.019816241508549947 -0.0869347605368247
-0.04778227606213413 -0.016746401739180808
-0.03228814133683114 0.06660113306212655
0.014866409332846248 0.08691987153196863
0.0509167283038411 0.02691050971009474
0.04094982715429048 -0.05718589759255937
-0.008339158944322446 -0.08833040234845466
-0.05254080874485635 -0.03933145061022938
-0.049569887314303285 0.04345521927825303
0.00027322426863216065 0.08398955975656874
0.05234534564465096 0.046461775260277796
0.05766079537364518 -0.03308965539820331
0.008995162787233071 -0.08135629893003407
-0.050318242772938816 -0.055383459218497716
-0.06497432956074997 0.019203163036695864
-0.01930523428845904 0.07338622614265644
0.04628500291423503 0.05868251892115288
0.07105035724144966 -0.009460541804869813
0.030216143995465773 -0.06765393237441711
-0.04037734954404091 -0.06358469781646496
-0.07569565354125754 -0.0030681721744125687
-0.041484015136372024 0.05720972248902677
0.03256835788735754 0.06282469047131667
0.07853078704397855 0.010788452911374632
0.05260968589126076 -0.04969856885675764
-0.023135526324123246 -0.06377626963625313
-0.07946606616293836 -0.020724101287940243
-0.06331812221545491 0.038214379471046916
0.012190407616327573 0.059315992582076524
0.07824468558783733 0.02539432960611073
0.07310751555704713 -0.030417500303813003
-0.00013643742900398825 -0.05694805834393049
-0.0749142054850645 -0.031952181877834565
-0.0817289829245433 0.019388594907363985
-0.012806223375100387 0.04966318940555492
0.0693646693278708 0.03305665348296846
0.08873487459235792 -0.012746834081175148
0.026147015083295838 -0.045059289855520566
-0.061794680665080134 -0.03600576525082355
-0.0939566350083002 0.003505511320340951
-0.03960350118340538 0.036196910359936586
0.05224394646439729 0.03360315690416964
0.09705028963286637 0.0008070497560060952
0.052650141597204714 -0.03071739933595357
-0.04105381566812935 -0.03328566286621565
-0.09797060753343254 -0.007288283718037282
-0.06499825151163623 0.021696863794214195
0.028394527689361182 0.027984642143623468
0.09651214964141949 0.008536137548064059
0.07614514641425055 -0.016763874644329397
-0.014720897580021305 -0.02524872313073738
-0.0927784174609296 -0.01178494266241895
-0.0858533927111134 0.008954055557448503
0.0002953342693298999 0.018100916540422028
0.0867174987150801 0.00977486070169647
0.09369818990693383 -0.005829465444809641
0.014359922958617585 -0.014157915638130058
-0.07858562592427375 -0.009882255435246803
-0.09954386856675304 0.0003358494870284723
-0.028942324085272073 0.006484666216174642
0.06847725270183719 0.004983654332193406
0.10308763192638054 7.443239437653244e-05
0.042918303662779676 -0.0027121207699136595
-0.05678327135335306 -0.002580859059539994
-0.10433166049456487 -0.002580859059539951
-0.05600326848857959 -0.004108682921164167
0.04371617567541203 -0.004339933063234743
0.10312187081794635 -0.00013306269984277985
0.06771027933948204 0.00638828626334787
-0.029763975711378662 0.008187254805172246
-0.09961463312350416 0.000746629374656577
-0.07782836598285613 -0.01114309944316036
0.015211828731873683 -0.015908720089024067
0.093809939509537 -0.006435238996700298
0.08596853927627307 0.010874445398613
-0.0005933247641583816 0.019872727437976277
-0.08601253552145056 0.009742705131965693
-0.09203853895821429 -0.012709339234803774
-0.013789511227416562 -0.027014396508010196
0.07635971473413036 -0.017719826160141713
0.09578451386869619 0.009275264809730718
0.027415501746105422 0.029717804668447444
-0.06527748917111786 0.022801559353470235
-0.0972608346944017 -0.00783609053664907
-0.04002380086706945 -0.03496138382831188
0.05300401973183962 -0.03194985556099436
0.09636641998528454 0.0011615695685649671
0.05116160092563323 0.035198564326018936
-0.040042181653419544 0.037534342600800304
-0.09330897516961706 0.003342234575525356
-0.060661038243760686 -0.037500585554885085
0.026680282950747432 -0.04647778015492156
0.08813573309405565 -0.012768944662297957
0.06818341558332681 0.03443365700845626
-0.013442911204675861 0.05113837465645619
-0.08119230396066336 0.019586740174426492
-0.0736918484180556 -0.03319752004467833
0.0006109898042058748 -0.058455814495070285
0.07264842390280904 -0.030779249264053832
0.07699061228495319 0.02649775354087754
0.011326957364753115 0.06083309105932656
-0.062952395841755 0.038724728729468146
-0.07819248083132932 -0.021679056105941938
-0.02215326847117654 -0.06528098333929686
0.05235317573527581 -0.05034051668205332
0.07725253045211622 0.011592046427399638
0.031467391108708324 0.06429732873012946
-0.04135203369572545 0.057964889376530666
-0.07442990843175948 -0.0037210214203133238
-0.03916094438810422 -0.06500805247328043
0.03022284580881117 -0.06850320497031893
0.06981624867862049 -0.008954578415849818
0.044959781654365184 0.06004220713595439
-0.01946301189484157 0.07431040074296423
-0.06379243325263459 0.018837355907985867
-0.04889424134630447 -0.05666815254990472
0.009314081398475893 -0.08233670100602303
0.05655257061199488 -0.03285486063356465
0.0508359528861782 0.047663308900265634
-0.00021406861774667801 0.0850086170752267
-0.04855705416966266 0.043340403490559065
-0.05096258268383632 -0.04044481118751059
-0.007679514420265224 -0.08937215120791783
0.04005370983372573 -0.05717870950991338
0.049289093878652 0.027933704652934606
0.014034017920459739 0.0879703783434637
-0.03152900107217836 0.06668849924012657
-0.046127113053265695 -0.017680217631958664
-0.018814504869771494 -0.08798244435270519
0.0232283684013933 -0.07876885826521914
0.04161117929900246 0.0027229532007098656
0.021823358346672136 0.08209631103032006
-0.015607700791350793 0.08578145696004014
-0.03615365666452808 0.009290276177190221
-0.023167922808187538 -0.07764246667106738
0.008855004491632408 -0.09469549219766994
0.02996725216447685 -0.02524696296907286
0.022794642029432134 0.06746112959230613
-0.00334421546677402 0.09796746520092417
-0.02351705992290203 0.03745190430635762
-0.020951177079068895 -0.05903037018280174
-0.0008398683332379413 -0.10268275733360177
0.01704118068804972 -0.052773572307991824
0.01771517509214102 0.045327887445602476
0.0034437125709086257 0.10143124273105758
-0.011001907858854859 0.0635269212162019
-0.013451374420386006 -0.03395406827172176
-0.004515407610012881 -0.1014440542355281
0.005606560689757376 -0.07661948549361046
0.0083359056392803 0.01798925452768141
0.003941620821532551 0.09546392037984519
-0.001259946936251045 0.08443284444750485
-0.002809642148102436 -0.005113014681555103
-0.0019125132385291311 -0.09087638620879973
-0.001912513238529076 -0.09396635690091905
-0.0029003988739353635 -0.011541513402264378
-0.0015468180613235336 0.08057454213532558
0.003609106808872506 0.09771532903010499
0.00832964230975588 0.0242703024725984
0.006116790642089952 -0.0720847824738724
-0.003824680896748869 -0.10281064135033045
-0.013255454141006734 -0.03994499911355934
-0.011656916409334632 0.05842642128040437
0.002390286074468914 0.10189215075730804
0.01724555699489434 0.050895430265721624
0.017750739449493676 -0.04723287753530917
0.000559123345688424 -0.10224307099980734
-0.020136295030791854 -0.06405491991324333
-0.024183198412759992 0.03160742752517315
-0.0050504805961933755 0.0966578428485574
0.02157879794567463 0.07184052258536947
0.03048849952263625 -0.019241380145496867
0.01081041738575365 -0.09257090334412281
-0.0215140616775449 -0.0812951254597127
-0.03642945544417252 0.0032677847466748566
-0.01773643489196286 0.08291907433153206
0.019715115441215396 0.08496364581296546
0.04154630097102697 0.008621397090180408
0.02543975964393163 -0.07526518371899091
-0.01625744313849309 -0.09003042638029048
-0.04563590451431834 -0.02332150949200283
-0.03372103400258526 0.06265583119506317
0.011056004200642885 0.08919023117013175
0.04829939034480628 0.03319688212890854
0.042116995061213996 -0.05274108367010396
-0.004330215705393103 -0.08978013853708311
-0.04941913465978691 -0.04522486932003651
-0.05037914679303478 0.03862915787524572
-0.00386455427068403 0.08464493946375588
0.0487032329636774 0.051874402838164115
0.058022465957843605 -0.028003989502499375
0.013177411907718026 -0.08126354672606959
-0.04615851972927505 -0.060246073461575594
-0.06480506911545036 0.013978824588447514
-0.023435527639216996 0.07260922740787296
0.04163038666465595 0.06294604438723664
0.07027684252749386 -0.0042137720222464176
0.034189128891138836 -0.06627135693717472
-0.0352706547499576 -0.06722098567365062
-0.07425796377712368 -0.00822954786425107
-0.04518896912216224 0.05531168038170343
0.027071939396334198 0.06582652585066867
0.07638535853755679 0.015768360691215712
0.055934364341483016 -0.04738292673447902
-0.01732996851026882 -0.06615661455276728
-0.0765881015845206 -0.025441046057391864
-0.06615275510418353 0.03558287824953146
0.006172501351919379 0.06110650099137814
0.07462992136507363 0.029783613532428685
0.07534880521266353 -0.02757182129409668
0.005983487397677137 -0.05819692696797869
-0.07057996437877326 -0.03596743785959572
-0.08328395379690103 0.016426522910363867
-0.018907517421752118 0.0504324325770956
0.0643501516139549 0.036670643125372486
0.08952443085700051 -0.009758661515257304
0.03210236776544575 -0.045421547877088304
-0.05616047551730078 -0.03921041891466169
-0.0939186920329996 0.0005708176611875226
-0.045282907245761436 0.03623191795522783
0.04607077405195613 0.03640886213575745
0.09614236056104292 0.0036221237689073385
0.05792503372467568 -0.030508253051784458
-0.03444053906913254 -0.03571983596203436
-0.09617174593177358 -0.009933166947825783
-0.06974564991662609 0.021326234233520362
0.021455500906240835 0.03008964468253203
0.09382417258253246 0.010977287273047705
0.080251675136041 -0.016310310915270358
-0.007582740708107827 -0.027079210001099804
-0.08922635969363936 -0.014006580111538353
-0.08921901675476125 0.008488525258970404
-0.006906751712741008 0.01972072337252133
0.08234927673493111 0.011778959886633932
0.09623953717316809 -0.005412264032004847
0.021486172040666704 -0.01563661082119596
-0.07347091974438667 -0.011687790495095492
-0.10119701541767805 1.3998331059049407e-05
-0.03585260951400461 0.007893905186914388
0.06270564185748942 0.006625139015145267
0.10381025064118515 0.0002691989671723535
0.049476381257768445 -0.004121947536912311
-0.05046168907988101 -0.004106239070607922
-0.10410445007273184 -0.0026334402770253
-0.06208090791027639 -0.0026334402770252447
0.03696577025492917 -0.002871949339545309
0.1019492187202358 -0.00022050573669732268
0.07319113616854339 0.004791383163371512
-0.022716489753922806 0.006710320176576317
-0.09752448362924858 0.0009547876188794038
-0.08261145686075326 -0.009379871724608545
0.0080056248281581 -0.014352302537871495
0.09085287336513116 -0.006728507094498867
0.08997119685410042 0.008914316120061045
0.006630801139267423 0.018165757004233188
-0.08226009437808138 0.010070737822712611
-0.0951987424633544 -0.010537734748683745
-0.020892579705666173 -0.025088960342696365
0.07190203144781952 -0.018019739312276607
0.09806251401614485 0.006894862127097921
0.034264511851985965 0.02751274349826534
-0.060220310336993405 0.023000690606509274
-0.0986400175857527 -0.005267343631375231
-0.04649565644614169 -0.03242564661168591
0.047465228904254114 -0.031968977847330396
0.0968533825860334 -0.0015575101020636056
0.05714666249837712 0.032294186857436506
-0.03414794974183917 0.037291206152175196
-0.09293281389130194 0.006157039460258484
-0.06606617572801331 -0.034205172852393925
0.020560985607202445 -0.04589084562539475
0.08694657585166539 -0.015609942055914296
0.07293445580506525 0.03074226797066361
-0.007228961137556014 0.05013059220804804
-0.07925914375142555 0.022371793046865502
-0.07773533394343277 -0.029123875388902275
-0.0055712654343119256 -0.056958301390965485
0.07005633742753214 -0.03341650222885285
0.08029481375512913 0.02207471358757262
0.017359124557627115 0.05878856358340749
-0.05979925301483184 0.04111595247316012
-0.08074763273375328 -0.01695834259657924
-0.027928445792635932 -0.06264680759137445
0.04874596427283572 -0.052384786235827055
0.07907028907862958 0.006643211215804336
0.036893227601368386 0.06104806870991593
-0.03740293665143139 0.05956245833790159
-0.07554205957710604 0.0013703065157528796
-0.04416211468520942 -0.06113741234651691
0.02604521843634132 -0.06955942967965056
0.07027272034535564 -0.014089108711096102
0.04947979101060701 0.05556428698299658
-0.015167407242170944 0.07473956579717014
-0.0636586942142661 0.023905131032951638
-0.052896501402529335 -0.05161796239284369
0.0050044714740716395 -0.08206560045411107
0.05590651818969618 -0.03773872212411841
0.05430409612459769 0.042096513435044516
0.0040156000851413465 0.08397975408213819
-0.0474855131594796 0.04791980542970055
-0.053900012197293665 -0.03443670637801216
-0.01174830549024148 -0.08754643258372029
0.0386486784885122 -0.061333740871759065
0.051717793804041505 0.021577456097989917
0.0178764220490875 0.08532919860930498
-0.02988378887675394 0.07030396822243898
-0.048085772727801346 -0.0110844183160453
-0.022382203607509546 -0.0845290762733086
0.02143377375442345 -0.0817382887296465
0.04315270984965247 -0.003991416154361174
0.02508627396611726 0.07785654495528614
-0.013748374502169067 0.08801084968629655
-0.03734220137440271 0.01599337838968773
-0.026114520968907606 -0.07266446864590036
0.007006137302900731 -0.09610671174811666
0.030874810727630368 -0.031804002882454385
0.025431482461143316 0.06181451699329714
-0.0015686749190528988 0.09850112648753595
-0.02421986089890455 0.043727256011136965
-0.02330173614954178 -0.05280453252224256
-0.0024938439818690226 -0.10230050398776389
0.01761594556945552 -0.058634987711247734
0.01981799182499787 0.03862960790508418
0.004944177301930426 0.1001173314284006
-0.011522153829783364 0.06884966911959883
-0.015357597234083736 -0.026904527408286513
-0.005847666279168813 -0.09920618440246216
0.006139087247939127 -0.08129027249184052
0.010106339825404537 0.010720520491931146
0.005108449426979915 0.09233327626348083
-0.0018616441491384255 0.08835337663377739
-0.004511417039420625 0.0022358566675516334
-0.002933635194636415 -0.08690688710046138
-0.00119740968897396 -0.09705641428107832
-0.0011974096889740288 -0.018828630617133912
-0.0006359766658306154 0.07584132552503539
0.0027512059908998358 0.09991524222193125
0.006556505030700341 0.031355195621627
0.005267016104746401 -0.06668197299793674
-0.002810986035238516 -0.10408308192185037
-0.011347816441452666 -0.046692830694951046
-0.010807716311278172 0.05246426445848973
0.0012250413377462542 0.10222317162560626
0.01514710238016238 0.057181010430229655
0.01683334602763236 -0.04083434050260574
0.0018543232929092 -0.10164236073552618
-0.01780187204474929 -0.06976638371049965
-0.023123947932961714 0.024904388383602927
-0.006437324520093265 0.09515818648784108
0.01897709878681708 0.07688253943298362
0.029212454557620567 -0.01237054246210692
0.012235232518220559 -0.09022687132691952
-0.018629741935326734 -0.08559152832209559
-0.03486412737892977 -0.0036335364377159673
-0.019132212908893245 0.07980498938031322
0.016550267937825835 0.08845938902126069
0.03962532588266798 0.015419466978055282
0.026728777507744356 -0.0714724417940796
-0.012832363458274834 -0.0926928058245717
-0.043302526961947044 -0.02989019340298517
-0.034817970528102996 0.05828967613046737
0.007409212484015597 0.09100932782280852
0.04550961650933313 0.03942135070447787
0.04293242472722476 -0.04791695483334671
-0.0005177276604934056 -0.09076847490501061
-0.04614442843679994 -0.051004858269416746
-0.050823277440568373 0.033468745471528984
-0.007770685495154167 0.08483636754543988
0.04493264558054109 0.05712691331137969
0.05800897715459509 -0.022631142390965586
0.017091233421086163 -0.08071141428752288
-0.04190016459539113 -0.06490742021705932
-0.06425490349915347 0.008515460317352952
-0.027259928405663998 0.07138389583147514
0.03691219567966426 0.06697318341668833
0.06912180354259027 0.0012240619550302756
0.03781908624777001 -0.06445716755613087
-0.03014037926935121 -0.07059207993761192
-0.07244397985255624 -0.013535319126486013
-0.04851518161860534 0.05300348620603316
0.02159638747591286 0.06854073625217084
0.07387528567535324 0.020848271879710785
0.058847137101093946 -0.044682322059051004
-0.011593498853295497 -0.06823313216685677
-0.07336395309645233 -0.030216715415131386
-0.06854599370478127 0.03259426923130875
0.000274822484564341 0.06258286479280148
0.07069443448377417 0.034194122091198875
0.07712396926918186 -0.024398485803379562
0.011930137851818665 -0.05912669780166556
-0.06595743789694529 -0.03997067360473312
-0.08435382218577915 0.013166807609231938
-0.02478171489868481 0.05088231790434558
0.059086515658334914 0.04024389921420217
0.08981653683030305 -0.006502458215264614
0.037777245915881635 -0.04546809201575743
-0.05032258303503866 -0.04235023132142167
-0.09337829809844737 -0.0026035502115140455
-0.05063017207704474 0.03595788836056837
0.039744932511082624 0.039130100878705006
0.09473485952243099 0.006650489892107758
0.06281910211475751 -0.029998864066539392
-0.027730329169109627 -0.038054092256539745
-0.09388439527895019 -0.012767491701317999
-0.0740677626576983 0.020665355266974886
0.014478955699914337 0.032082982898187985
0.09066709371733621 0.013586937830932351
0.08389383501437671 -0.015576805988753845
-0.000468982455911357 -0.028789377185602254
-0.08523276037223433 -0.016378877174374057
-0.0920876080903918 0.0077528652849834755
-0.014021299298067363 0.02121392944366198
0.07757488359482874 0.013918975341208912
0.09825849451163346 -0.0047335422901751585
0.028461862508081137 -0.016984008558524933
-0.0679926368027807 -0.013617408983080375
-0.1023104252688973 -0.0005625362196497851
-0.04255079864869144 0.009167910275468802
0.056619479333102095 0.008381424555443025
0.10398429069563327 0.0007139960447465473
0.05576364793109759 -0.005392544711347177
-0.04388003374020617 -0.0057391744536856555
-0.10332859442816285 -0.0029338195097369504
-0.06783312030850147 -0.0013022586846790343
0.030014092721908137 -0.0013022586846790191
0.10023666442532359 -5.991112310831364e-05
0.0782972183736623 0.0033449052622892663
-0.015529604908586875 0.005136865653388323
-0.09491178229559126 0.0009123310450782525
-0.08697672160614515 -0.007775550320634376
0.0007236378654511266 -0.012704686778905183
0.08739878065553802 -0.006766560536869799
0.09352012610218909 0.0071241344040416
0.01386671895316946 0.016373863434208612
-0.07804367876318297 0.010137414939748037
-0.09787711766260636 -0.00854995857641003
-0.02794443535856983 -0.023086632106909033
0.06702011066897498 -0.018051242687878107
0.09983882173640153 0.004715107597428672
0.04100160418370835 0.0252413254454745
-0.05478430851268931 0.022924191894033254
-0.09950608281437057 -0.0029189149350694263
-0.05279841320369772 -0.029837249064360687
0.04159756825676512 -0.031705918928423324
0.0968242103005036 -0.004034029596254998
0.06291006542767008 0.029354540310393834
-0.027978107717214484 0.03676089298105076
-0.0920456485493436 0.008704931248022334
-0.07120265368717932 -0.030895958123765697
0.014221360090126575 -0.0450141948344064
0.08525921707418908 -0.018158191773431174
0.07737614572397683 0.027062826109256474
-0.0008506930808019758 0.04883388424361308
-0.07684758364886315 0.024837558296901343
-0.08143563298355344 -0.0250922250770276
-0.011862361581721187 -0.05517679317149811
0.06701180972259999 -0.03570811796715448
0.08322917236309747 0.017727829987845764
0.023446376764616236 0.056469818456034576
-0.05622480542420981 0.04313636205887758
-0.08291356644482191 -0.012351679590514066
-0.03370775078478559 -0.05975361053650098
0.04475268273351074 -0.05403526953295613
0.08048661585886335 0.0018494777186269795
0.04227596668722753 0.05756080992388425
-0.033105962278291386 0.06074651636044909
-0.07624739811381255 0.006263077086061726
-0.04907745758918955 -0.05705584195655642
0.0215597051209169 -0.07018667865363862
0.07032331193384425 -0.018980129750258833
0.05387630943037939 0.050908566981784996
-0.010604569290607692 0.074729492421718
-0.06312563572786146 0.028683984236581812
-0.05674304007870367 -0.0464289680494508
0.00046786658574139717 -0.08135103462860159
0.054872515131906906 -0.042288917324300394
0.057589877172364495 0.03643536446479128
0.008433416719368016 0.082509925264307
-0.04604127917999306 0.05212264991052977
-0.05663397725393303 -0.02838353698595257
-0.01596863477630056 -0.08528949088890107
0.03688912035149117 -0.06507237703625539
0.05392721711238546 0.01522946156841716
0.021836680166908047 0.08227410119878402
-0.027904123232983115 0.07346743148769695
-0.04981420553258485 -0.004553243032700299
-0.026037507564922437 -0.08068676278602105
0.01932572391769149 -0.08422543606000503
0.04445734140991732 -0.010582859527046781
0.028410300129580436 0.07326035184634268
-0.011596591701008511 0.08973401329626257
-0.03829074355701482 0.022514547287762365
-0.029099610937584064 -0.06736976033303936
0.004884981717257562 -0.0969949420690676
0.031542030734092986 -0.03812069207245692
0.028087999326439347 0.055897540630848834
0.00046052243306202514 0.09850290314212519
-0.024683899532543758 0.049705752283587916
-0.025656702687826573 -0.04636053194077396
-0.0043849362298838054 -0.10138581271013714
0.017954566093510857 -0.06414626322366115
0.021913069434929405 0.031770259699720665
0.006667693921962668 0.09827902789298
-0.011809068615386071 0.07377346267133457
-0.017246489426583807 -0.019754787303327137
-0.007391588446030517 -0.09646059192178742
0.006440505987528338 -0.08551891170932764
0.011851725864380165 0.0034149900130089478
0.00647824206756972 0.08871999231736388
-0.0022331785479228284 0.0917952032061595
-0.006181539095981998 0.009556915339524408
-0.004151537872010413 -0.08248780262029312
-0.0007133637965834184 -0.09963868867405722
0.00046763056588072283 -0.02602349062164583
0.0004676305658807477 0.07069888969800821
0.0021275066928905548 0.10158642318044762
0.004828113013595691 0.038284923340692514
0.004226827195689114 -0.06091676400014302
-0.0020371235685457175 -0.10481439884723842
-0.00949299533796958 -0.05322545435965925
-0.009769428028007229 0.046191951941794804
0.0003078019386555282 0.10200943373123325
0.013111514154166674 0.06319545137622176
0.015727906896107435 -0.034182147899682436
0.002890934955108398 -0.10050197478408578
-0.015542941459974225 -0.07515601095878538
-0.021878221394548824 0.018007181329080996
-0.007552902825249945 0.09313238385291174
0.016466556156733637 0.08155822214457363
0.027752873394805436 -0.005366683175864709
0.013374498295791033 -0.0873781740218018
-0.015855582229390406 -0.0894840791889896
-0.03312040957838569 -0.010606420600816083
-0.02022719338246845 0.0762149724807122
0.013518045624459976 0.09152131412061196
0.037534104975616725 0.022228649749306204
0.02770155618480727 -0.06723887531204177
-0.009565767807133987 -0.09489930203793868
-0.04081075278910166 -0.03641180227500973
-0.035583902315900764 0.053523151919963
0.0039498955185717985 0.09235849665268128
0.04257759072994133 0.045543965988310356
0.04340369337496085 -0.04273712268434096
0.0030756144870057595 -0.0912807503702433
-0.04274835262645851 -0.05663263189387514
-0.05091265885479269 0.02800029648855941
-0.011423948496212123 0.0845531847282578
0.04106657793458048 0.06218209884035702
0.057633663722509214 -0.01699968653709561
0.020717201081811548 -0.0796931729585959
-0.03757730339324964 -0.06933222767815822
-0.06334024160464524 0.0028434483110112013
-0.030761147143884192 0.0697072993566197
0.03216543294077807 0.07073089782527882
0.06760479908793468 0.006821224493158029
0.04109121307600823 -0.06221204002708043
-0.025022095494743088 -0.07366740991570633
-0.07027643471141098 -0.01895282517574825
-0.05145068252315642 0.05028918959121587
0.016177486991133194 0.07093938785046981
0.07102644130029201 0.02599500707567695
0.06133919883520723 -0.04160390943705208
-0.005961713973141207 -0.06998063182558671
-0.0698225354925541 -0.03501778328686396
-0.07049250326499207 0.029258519320564072
-0.005467657570225465 0.06372268324338992
0.06647001676802533 0.03859271287782495
0.07843141203207182 -0.020909967699355457
0.01766963168228758 -0.05971775257414483
-0.06108106186966539 -0.043929214049119654
-0.08494095197738777 0.00962412275230267
-0.030396503024758208 0.05099595499766004
0.05361054127528276 0.043744448019232426
0.08961767900196257 -0.002994799215438486
0.043141391151706565 -0.0451846663545994
-0.044319763360072276 -0.045394113504221886
-0.09234615970442395 -0.005999396889501067
-0.05561756884204352 0.035363077191784296
0.033306740575380585 0.04173680299757267
0.09284273845398616 0.009872587748872716
0.06730760818966486 -0.02917985689967962
-0.02096459108388217 -0.040259468334865225
-0.09112770204610078 -0.015770556351902096
-0.07794326319739911 0.019707067987380755
0.007506870319259132 0.03393684678406289
0.08706412467039878 0.016343434044021967
0.08705409052612366 -0.014558265221483797
0.006578369107592283 -0.03035258009262964
-0.08082468858428442 -0.018879374446107097
-0.09444574551095074 0.006743902027246649
-0.021006831802998463 0.02255504065511231
0.07242496236001655 0.016171754056593532
0.09974601319703394 -0.0037919215288134446
0.03524661518463543 -0.018175732022488178
-0.062184639671305234 -0.015647337881744522
-0.10287960717584288 -0.0013934402637318655
-0.04899816750147971 0.010283379521256167
0.0502554287198121 0.010228158057966544
0.10360992563508095 0.0014068906054717622
0.06174357082145254 -0.006501642814774361
-0.037077296359999845 -0.007454744371994389
-0.1020089562049585 -0.0034784859869844914
-0.07322606533671872 -0.00013640862631417736
0.022901943441920036 0.0003436405881757076
0.09799370101406037 0.000343640588175651
0.08299783307094763 0.002069140465678609
-0.008245380192695731 0.003492990161099218
-0.09179051192295191 0.000625934739842579
-0.09089701272246528 -0.006349432820215273
-0.006591384910771075 -0.010992600426699962
0.0834659146922746 -0.006557723773636737
0.09659205688287348 0.005522169921391747
0.02107156998336003 0.014524426985217977
-0.07338552059180119 0.009952790718978533
-0.10005453080589516 -0.006763180958534894
-0.03490267771535377 -0.021035455466994285
0.061739806132069155 -0.017826220185465886
0.10109862092176616 0.002751964407439623
0.047585385951884406 0.022932246504900087
-0.04899854717595486 0.0225858885672017
-0.0998486328659082 -0.0008054166143893204
-0.058892202950877055 -0.02722549871786203
0.03543285465935204 -0.031176560683853834
0.09627294468696679 -0.006254906295329706
0.06841393935922967 0.026409466541696503
-0.02156673728781794 0.03596145050058209
-0.09064590195382202 0.01097456620257839
-0.07603501953513202 -0.02760319868462592
0.007697244903497588 -0.04386813396909494
0.08307632910894079 -0.020404323490093006
0.08147580936653362 0.02342584017588636
0.0056548122727985844 0.047270883576285685
-0.07396434638717302 0.02697689145880719
-0.08476313819964049 -0.02113311854498519
-0.018224484229130172 -0.05313628259581348
0.06352535557832033 -0.03764943955883103
0.08576737108053023 0.013487435857745159
0.02955065615022305 0.053904198902275643
-0.05224305214205173 0.04478404927407193
-0.08466740533384179 -0.007888883194207948
-0.03945334328831119 -0.05663102655872104
0.040390468106517384 -0.055293057223804
0.08148215408873824 -0.002760194725253136
0.0475784081950814 0.05386736331812622
-0.02848101209471801 0.061521381304221925
-0.07653009944629482 0.010929559998159664
-0.053870788532257324 -0.05279715529114495
0.016788583358744905 -0.07039269279482463
0.06995568101393122 -0.02360153680560141
0.05811449089392996 0.046110630113394765
-0.005798759523121061 0.07429149769008561
-0.06218429245291882 0.03314984736360162
-0.06040061629420336 -0.04113822746713351
-0.00426987205618147 -0.08020799792739237
0.05344482143861471 -0.04648382925480048
0.06066186801402714 0.030718043645423396
0.013012286647177504 0.08061784354749091
-0.04422164872240429 0.05593017766410532
-0.059135013222622844 -0.022324204796391696
-0.020312513619680186 -0.08262373248326137
0.034775152752984644 -0.06837910288067235
0.05588995761397564 0.008928894029845605
0.02588621476350048 0.07883109007153502
-0.025592710465017158 0.07616697242808317
-0.05128710798544757 0.001874349589834276
-0.029751515791772133 -0.07648493654613495
0.016909276674665456 -0.08622229298603099
0.04550187284591911 -0.017013144332610988
0.0317664345638524 0.0683403509987525
